version: 1
creator: callgrind-3.10.0.SVN
pid: 11293
cmd:  ./bench
part: 1


desc: I1 cache: 
desc: D1 cache: 
desc: LL cache: 

desc: Timerange: Basic block 0 - 2036552
desc: Trigger: Program termination

positions: line
events: Ir
summary: 16373141


ob=(3) /lib/x86_64-linux-gnu/libc-2.19.so
fl=(95) /build/buildd/eglibc-2.19/stdio-common/printf_fp.c
fn=(486) hack_digit.13629
231 112
+3 140
+2 66
+2 44
+1 22
-1 22
+1 44
-1 22
+1 22
cfi=(101) /build/buildd/eglibc-2.19/stdlib/../sysdeps/x86_64/mul_1.S
cfn=(482) __mpn_mul_1
calls=22 32 
* 440
* 22
+30 132
-35 168
+35 30

fn=(470) __printf_fp
161 50
+54 5
-21 5
+2 5
+19 15
+59 5
-59 10
+59 5
+2 5
+24 5
-24 10
+24 5
-24 10
+1 5
-1 5
+1 5
+23 5
+42 5
176 5
-1 5
349 5
+2 5
-2 5
+47 15
+4 5
cfi=(96) /build/buildd/eglibc-2.19/math/../sysdeps/ieee754/dbl-64/wordsize-64/s_isnan.c
cfn=(472) isnan
calls=5 27 
* 35
* 10
+43 1
-2 1
+2 3
+2 1
+2 4
+5 3
-37 10
cfi=(97) /build/buildd/eglibc-2.19/math/../sysdeps/ieee754/dbl-64/wordsize-64/s_isinf.c
cfn=(474) isinf
calls=5 20 
* 65
* 14
+3 2
-1 1
+1 2
-1 1
+1 8
+53 4
+12 4
-12 24
+1 4
+1 4
+1 4
+1 16
+1 8
+1 4
-2 4
+1 4
-1 4
+1 4
+1 8
+7 4
-7 4
+7 4
208 1
450 2
+7 4
+2 3
1264 40
457 12
-3 2
-23 36
cfi=(98) /build/buildd/eglibc-2.19/stdlib/../sysdeps/ieee754/dbl-64/dbl2mpn.c
cfn=(476) __mpn_extract_double
calls=4 35 
* 84
+4 4
-4 4
+4 12
828 4
+10 4
-10 4
+10 16
+2 4
-2 4
+2 4
+10 8
+48 4
-61 4
+61 8
+14 16
+1 4
-1 8
+7 8
fi=(118) /build/buildd/eglibc-2.19/stdio-common/../nptl/sysdeps/pthread/allocalim.h
28 8
fe=(95)
929 4
-8 4
-1 4
+9 20
+1 8
+3 20
+12 12
+12 12
+1 72
+1 84
+1 8
+3 24
-1 24
+2 24
-1 24
cfn=(486)
calls=24 231 
* 1074
* 24
+1 48
+2 24
-6 16
+15 12
+1 16
cfn=(486)
calls=4 231 
* 212
+2 20
+1 4
-1 4
fi=(103) /build/buildd/eglibc-2.19/stdio-common/../sysdeps/generic/get-rounding-mode.h
93 4
+1 20
fe=(95)
1094 12
+7 8
+3 8
+13 12
+46 24
+2 24
+2 4
-2 4
+2 24
655 8
208 4
1170 8
+7 16
+9 12
+6 12
+4 12
cfi=(105) /build/buildd/eglibc-2.19/string/../sysdeps/x86_64/strlen.S
cfn=(492) strlen
calls=4 66 
* 64
+2 4
-2 4
+2 12
+5 4
+1 8
-1 4
+2 8
+11 20
+1 4
+6 4
-6 4
+6 52
+3 56
+3 56
-6 96
+1 96
+1 12
cfi=(72) /build/buildd/eglibc-2.19/string/../sysdeps/x86_64/memcpy.S
cfn=(328) __GI_mempcpy
calls=4 61 
* 72
* 8
fi=(103)
94 8
fi=(104) /build/buildd/eglibc-2.19/stdio-common/../include/rounding-mode.h
-42 8
fe=(95)
995 6
fi=(104)
52 3
fe=(95)
995 6
+5 6
+5 18
+2 1
-2 2
+3 1
-3 10
+5 6
+2 6
+2 6
+11 15
853 4
+2 4
-1 4
+10 4
-11 8
1172 12
853 4
-1 4
+1 12
+3 12
+95 4
+2 4
-1 4
832 4
951 4
+2 12
1233 8
-1 4
+18 12
+3 8
+7 12
663 16
cfi=(99) /build/buildd/eglibc-2.19/stdlib/../sysdeps/x86_64/lshift.S
cfn=(478) __mpn_lshift
calls=4 29 
* 60
+1 4
+4 4
-8 4
-1 4
-1 4
+30 4
-24 4
+4 4
-4 12
+52 4
-49 4
+1 4
+48 8
-43 4
+2 8
-2 44
+2 88
+7 4
+2 4
-1 4
-1 16
+9 4
+13 4
-13 20
+4 4
-4 4
+4 4
+1 8
-1 4
+1 4
+1 4
-1 4
-1 4
+1 4
-1 4
+1 8
+8 12
+22 16
+8 4
+1 8
+8 4
-8 8
+5 4
-6 4
+6 12
+3 8
+1 8
+10 4
-3 4
+3 20
+12 4
+10 16
cfi=(102) /build/buildd/eglibc-2.19/stdlib/../sysdeps/x86_64/rshift.S
cfn=(484) __mpn_rshift
calls=4 29 
* 68
* 4
+3 8
+7 4
-2 4
+2 52
-2 44
+2 176
+24 12
688 24
cfi=(100) /build/buildd/eglibc-2.19/stdlib/mul.c
cfn=(480) __mpn_mul
calls=4 57 
* 280
* 4
1250 16
-76 8
+1 24
865 12
-77 12
+4 10
cfi=(101)
cfn=(482)
calls=2 32 
* 64
+4 2
+1 2
-4 2
+3 2
+1 8
+9 2
+1 4
1250 316
1036 4
853 8
-48 8
cfi=(102)
cfn=(484)
calls=2 29 
* 34
* 2
-62 20
623 4
1199 8
457 4
cfi=(71) /build/buildd/eglibc-2.19/libio/genops.c
cfn=(494) __overflow
calls=1 241 
* 39
* 7
cfi=(71)
cfn=(494)
calls=1 241 
* 39
* 6
cfi=(71)
cfn=(494)
calls=1 241 
* 39
* 2
1250 160
cfi=(71)
cfn=(494)
calls=32 241 
* 1248
* 128

fl=(112) /build/buildd/eglibc-2.19/stdlib/exit.c
fn=(568) exit
104 1
-1 1
+1 2
cfn=(570) __run_exit_handlers
calls=1 -69 
* 2609

fn=(570)
35 8
+5 1
cfi=(113) /build/buildd/eglibc-2.19/stdlib/cxa_thread_atexit_impl.c
cfn=(572) __call_tls_dtors
calls=1 +42 
* 1018
* 1
+6 8
+4 6
+3 1
-1 1
+2 5
+33 1
+1 1
-1 1
+1 1
+6 2
+1 5
cfi=(71)
cfn=(622) _IO_cleanup
calls=1 1010 
* 255
* 3
+2 2
cfi=(117) /build/buildd/eglibc-2.19/posix/../sysdeps/unix/sysv/linux/_exit.c
cfn=(632) _Exit
calls=1 -69 
* 5
-19 1
+4 2
-2 2
+2 1
cob=(1) /lib/x86_64-linux-gnu/ld-2.19.so
cfi=(114) /build/buildd/eglibc-2.19/elf/dl-fini.c
cfn=(580) _dl_fini
calls=1 +49 
* 1277
+1 1

fl=(117)
fn=(632)
28 2
+4 1
+2 2

fl=(55) /build/buildd/eglibc-2.19/ctype/ctype-info.c
fn=(228) __ctype_init
31 5
+2 1
-2 2
+2 3
+2 5

fl=(85) /build/buildd/eglibc-2.19/string/../sysdeps/x86_64/memset.S
fn=(386) memset
53 63
+1 63
+1 63
+1 63
+1 63
+2 63
+1 63
+17 63
+1 63
+1 63
+1 63
+1 63
+1 63
+1 63
+1 63
+1 63
+1 63
+1 63
+1 63
+1 63
+1 126
+3 63
+1 63
+1 63
+1 63
+1 63
+1 63
+1 63
-6 6886
+1 6886
+1 6886
+1 6886
+1 6886
+1 6886
+1 6886
+1 63

fl=(93) /build/buildd/eglibc-2.19/libio/filedoalloc.c
fn=(460) _IO_file_doallocate
96 5
+15 6
cfi=(74) /build/buildd/eglibc-2.19/libio/fileops.c
cfn=(462) _IO_file_stat
calls=1 1222 
* 14
* 2
+2 4
+11 3
+4 6
cfi=(88) /build/buildd/eglibc-2.19/misc/../sysdeps/unix/syscall-template.S
cfn=(466) mmap
calls=1 -47 
* 6
* 2
+1 5
cfi=(71)
cfn=(468) _IO_setb
calls=1 399 
* 21
+1 1
+1 5
-13 1
fi=(119) /build/buildd/eglibc-2.19/libio/../sysdeps/unix/sysv/linux/sys/sysmacros.h
-77 6
fe=(93)
+77 1
-2 2
+8 1
-3 1
+3 2

fl=(53) /build/buildd/eglibc-2.19/misc/init-misc.c
fn=(224) __init_misc
30 4
+1 5
+2 3
cfi=(54) /build/buildd/eglibc-2.19/string/../sysdeps/x86_64/strrchr.S
cfn=(226) rindex
calls=1 -9 
* 24
+4 5
+1 3
+2 4

fl=(73) /build/buildd/eglibc-2.19/stdio-common/_itoa.c
fn=(330) _itoa_word
168 40
+2 20
+9 200
+9 20

fl=(82) /build/buildd/eglibc-2.19/malloc/morecore.c
fn=(376) __default_morecore
46 2
+1 2
cfi=(83) /build/buildd/eglibc-2.19/misc/sbrk.c
cfn=(378) sbrk
calls=2 -13 
* 72
+2 6
+3 6

fl=(88)
fn=(396) __syscall_clock_gettime
62 16
+1 8

fn=(466)
81 5
+1 1

fl=(46) /build/buildd/eglibc-2.19/string/../sysdeps/x86_64/multiarch/memmove.c
fn=(186) memcpy@GLIBC_2.2.5
49 2
-49 24

fl=(54)
fn=(226)
24 1
+1 1
+1 1
+1 1
+1 1
+1 1
+1 1
+1 1
+1 1
+1 1
+1 1
+1 1
+1 1
+1 1
+1 1
+1 1
+1 1
+1 1
+1 1
+1 1
+1 1
+1 1
+1 1
+1 1

fl=(83)
fn=(378)
34 2
+8 2
-8 6
+8 9
+4 4
+4 4
+3 1
cfi=(84) /build/buildd/eglibc-2.19/misc/../sysdeps/unix/sysv/linux/x86_64/brk.c
cfn=(380) brk
calls=1 -22 
* 13
* 2
+4 10
-14 2
cfi=(84)
cfn=(380)
calls=1 -12 
* 13
* 4

fl=(100)
fn=(480)
57 44
+6 4
-6 8
+6 4
+13 4
-1 8
+5 4
+1 8
+9 12
cfi=(101)
cfn=(482)
calls=4 -58 
* 128
+2 4
+5 4
-5 8
+1 4
+4 4
+54 32

fl=(79) /build/buildd/eglibc-2.19/elf/dl-addr.c
fn=(360) _dl_addr
126 9
+5 1
-5 2
+5 2
cob=(1)
cfi=(2) /build/buildd/eglibc-2.19/elf/rtld.c
cfn=(46) rtld_lock_default_lock_recursive
calls=1 838 
* 2
+2 2
cob=(1)
cfi=(80) /build/buildd/eglibc-2.19/elf/dl-open.c
cfn=(368) _dl_find_dso_for_object
calls=1 +49 
* 32
cob=(1)
cfi=(60) /build/buildd/eglibc-2.19/elf/../sysdeps/x86_64/dl-trampoline.S
cfn=(250) _dl_runtime_resolve
calls=1 -99 
* 1145
* 5
+2 2
30 1
+1 1
-1 1
+1 1
+3 2
+5 1
+6 1
-7 1
+2 2
+2 1
-2 1
+2 1
+3 1
+5 7
+2 1
+1 2
-1 1010
+1 2020
+2 4927
+6 11060
+2 8848
+1 16231
+7 2212
-2 2212
+2 5435
-21 2022
+49 3
+1 1
+1 3
+3 2
+37 3
cob=(1)
cfi=(2)
cfn=(48) rtld_lock_default_unlock_recursive
calls=1 844 
* 2
+3 9
-28 1
+1 1
+21 2

fl=(86) /build/buildd/eglibc-2.19/time/../sysdeps/unix/sysv/linux/clock.c
fn=(392) clock
29 8
+6 24
cfi=(87) /build/buildd/eglibc-2.19/rt/../sysdeps/unix/clock_gettime.c
cfn=(394) clock_gettime
calls=8 +58 
* 104
* 16
+3 8
+1 16
-1 8
+1 40
-1 8
+2 16

fl=(94) /build/buildd/eglibc-2.19/io/../sysdeps/unix/sysv/linux/wordsize-64/fxstat.c
fn=(464) _fxstat
34 1
-1 1
+1 1
+1 6
+4 1

fl=(106) /build/buildd/eglibc-2.19/string/../sysdeps/x86_64/multiarch/memcmp.S
fn=(508) bcmp
29 1
+1 1
+3 1
+1 1
+4 1
+1 1
+1 1
+1 1

fl=(40) /build/buildd/eglibc-2.19/string/../sysdeps/x86_64/multiarch/strcmp.S
fn=(170) strcasecmp
114 1
+1 1
+1 1
cfi=(41) /build/buildd/eglibc-2.19/csu/../sysdeps/x86_64/multiarch/init-arch.c
cfn=(172) __init_cpu_features
calls=1 -62 
* 93
+3 1
+1 1
+1 1
+11 1

fn=(180) strncasecmp
140 1
+1 1
+4 1
+1 1
+1 1
+11 1

fl=(96)
fn=(472)
27 5
-1 5
+1 5
+1 10
+1 5
+1 5

fl=(110) /build/buildd/eglibc-2.19/stdlib/random_r.c
fn=(542) random_r
366 8
+5 2
-2 2
+2 4
+9 2
+1 2
+1 2
+3 4
+3 2
-3 2
+2 2
+2 2
-2 2
+2 2
+7 2
+4 2
-3 4
+6 2
-2 4

fl=(102)
fn=(484)
29 6
+1 6
+1 6
+13 6
+1 6
+16 6
+1 6
+1 6
+1 6
+1 6
+1 6
+1 6
+5 6
+1 6
+1 6
+1 6
+1 6

fl=(66) /build/buildd/eglibc-2.19/setjmp/sigjmp.c
fn=(280) __sigjmp_save
29 2
-1 2
+1 2
+5 3

fl=(101)
fn=(482)
32 28
+3 28
+1 28
+1 28
+1 28
+1 28
+2 28
+1 28
+2 28
+1 28
+1 28
+1 28
+1 22
+2 22
+1 22
+1 22
+1 22
+26 6
+1 6
+1 6
+1 6
+1 6
+1 6
+1 6
+1 6
+1 6
+26 6
+1 6
+1 6
+2 6
+1 6
+1 6
+1 6
+1 6
+1 6
+2 6
+3 6
-5 22
+2 22
+3 22

fl=(90) /build/buildd/eglibc-2.19/string/../sysdeps/x86_64/multiarch/memcpy.S
fn=(412) memcpy@@GLIBC_2.14
32 1
+1 1
+2 1
+1 1
+1 1
+1 1
+1 1

fl=(109) /build/buildd/eglibc-2.19/stdlib/random.c
fn=(540) random
293 2
+3 12
+2 6
cfi=(110)
cfn=(542)
calls=2 +68 
* 52
+2 8
+2 2
+1 4

fl=(62) /build/buildd/eglibc-2.19/csu/libc-start.c
fn=(256) (below main)
133 7
+4 1
-4 3
+4 3
+82 1
-82 1
+82 1
+1 4
cfi=(63) /build/buildd/eglibc-2.19/stdlib/cxa_atexit.c
cfn=(258) __cxa_atexit
calls=1 57 
* 60
+22 6
+3 2
+1 5
cob=(5) /home/zhenfei/Desktop/NTRUMLS/bin/bench
cfi=(59) ???
cfn=(262) __libc_csu_init
calls=1 0 
* 55
+4 4
+15 2
+9 2
cfi=(64) /build/buildd/eglibc-2.19/setjmp/../sysdeps/x86_64/bsd-_setjmp.S
cfn=(276) _setjmp
calls=1 30 
* 29
+1 2
+5 2
+1 2
+3 2
+3 6
cob=(5)
cfi=(59)
cfn=(282) main
calls=1 0 
* 16272807
137 2

fl=(98)
fn=(476)
35 8
+2 12
+1 4
+9 4
-9 4
+9 4
+9 4
-18 8
+18 4
-18 4
+9 4
+9 4
+47 12
+4 8

fl=(64)
fn=(276)
30 1
+2 1
cfi=(65) /build/buildd/eglibc-2.19/setjmp/../sysdeps/x86_64/setjmp.S
cfn=(278) __sigsetjmp
calls=1 -6 
* 27

fl=(44) /build/buildd/eglibc-2.19/elf/../sysdeps/unix/sysv/linux/dl-vdso.c
fn=(178) _dl_vdso_vsym
27 4
-1 4
+1 4
+4 8
-3 8

fl=(105)
fn=(492)
66 4
+1 4
+1 4
+1 4
+1 4
+1 4
+1 4
+2 4
+2 4
+30 4
+1 4
+1 4
+1 4
+1 4
+1 4
+1 4

fl=(116) /build/buildd/eglibc-2.19/nptl/../nptl/sysdeps/unix/sysv/linux/unregister-atfork.c
fn=(610) __unregister_atfork
36 1
-8 2
+11 2
+1 3
+5 1
-6 2
+82 2

fl=(113)
fn=(572)
82 3
+1 2
cob=(1)
cfi=(36) /build/buildd/eglibc-2.19/elf/dl-tls.c
cfn=(578) __tls_get_addr
calls=1 770 
* 11
cob=(1)
cfi=(60)
cfn=(250)
calls=1 -49 
* 990
* 5
* 3
+18 4

fl=(71)
fn=(494)
241 105
+2 105
cfi=(74)
cfn=(334) _IO_file_overflow@@GLIBC_2.2.5
calls=35 824 
* 1155

fn=(326) _IO_default_xsputn
447 6
+4 6
-1 6
-3 30
+3 30
+20 48
+5 16
+3 4
+2 8
-2 1
+2 74
cfi=(74)
cfn=(334)
calls=10 824 
* 330
* 20
+2 10
-2 10
-25 64
+2 15
+3 10
+3 2
+5 1
-5 1
cfi=(72)
cfn=(328)
calls=1 61 
* 31
* 2
+21 12
+1 36
-11 6
+1 9
-1 6
+1 27
-1 21

fn=(622)
1010 1
+3 1
-3 2
-48 1
+48 2
+3 1
cfn=(624) _IO_flush_all_lockp
calls=1 822 
* 88
-63 1
+63 1
-63 3
+2 9
+2 2
-1 4
+3 4
+6 16
+8 5
+10 5
cfi=(74)
cfn=(626) _IO_file_setbuf@@GLIBC_2.2.5
calls=1 461 
* 66
+3 2
+7 3
-40 9
+75 7
-53 1
+4 1
-4 1
+2 1
+1 1
+1 1
-2 1
+3 4
+6 3
+1 8

fn=(336) _IO_doallocbuf
414 6
+1 2
-1 2
+1 2
+6 4
-4 9
+1 3
cfi=(93)
cfn=(460)
calls=1 96 
* 94
* 2
-11 1
-5 1
+1 1
+4 1
+14 4
-1 3

fn=(624)
822 3
+6 1
-6 5
+6 2
+6 1
-11 1
+10 1
+2 2
+4 2
-1 3
-1 3
+1 3
+3 9
+10 6
+4 3
-2 3
+2 6
+7 3
-27 6
+31 2
+2 2
+4 9
-31 12

fn=(628) _IO_default_setbuf
557 5
+1 1
-1 1
+1 1
cfi=(74)
cfn=(630) _IO_file_sync@@GLIBC_2.2.5
calls=1 886 
* 13
* 2
+9 1
-7 1
+7 1
-7 1
400 1
562 1
+1 1
-1 1
+1 1
400 4
+7 1
-5 1
+1 1
+4 1
570 2
+2 1
-2 1
+1 3
+2 4

fn=(468)
399 5
+1 4
+3 1
+2 4
-3 1
+3 2
+3 4

fl=(68) /build/buildd/eglibc-2.19/debug/fprintf_chk.c
fn=(318) __fprintf_chk
26 11
+4 16
+1 2
+1 1
+2 1
+1 3
-1 5
+1 1
cfi=(69) /build/buildd/eglibc-2.19/stdio-common/vfprintf.c
cfn=(320) vfprintf
calls=1 235 
* 1174
+3 1
-3 1
+4 1
-1 1
+1 2
fi=(75) /build/buildd/eglibc-2.19/debug/../libio/libioP.h
913 1
+1 1
-1 1
+1 1
+1 8
fe=(68)
43 5

fl=(84)
fn=(380)
31 2
-3 2
+3 14
+8 2
-6 4
+7 2

fl=(76) /build/buildd/eglibc-2.19/malloc/malloc.c
fn=(354) malloc
2876 48
+5 24
+1 24
+3 22
+2 88
+4 33
cfn=(372) _int_malloc
calls=11 3302 
* 1509
+1 11
-1 11
+1 11
+11 44
+1 88
+3 55
-24 1
+24 3
-24 1
cfi=(77) /build/buildd/eglibc-2.19/malloc/hooks.c
cfn=(356) malloc_hook_ini
calls=1 30 
* 58894

fn=(355) malloc'2
2876 4
+5 2
+1 2
+3 2
+2 8
+4 3
cfn=(372)
calls=1 3302 
* 1149
+1 1
-1 1
+1 1
+11 4
+1 8
+3 5

fn=(426) _int_free
3814 88
+13 11
-13 11
+13 22
+6 44
+1 22
+11 44
+13 33
+75 22
+1 33
+18 11
-4 11
+4 22
+6 22
+8 33
+6 22
+1 22
+1 22
1869 33
3983 22
+1 1
+2 1
-1 1
+2 10
+3 22
+5 4
+13 2
-1 2
+2 4
+7 2
-2 2
+1 2
+1 2
+2 1
+1 1
+2 1
+1 1
+2 3
+1 1
+30 2
-34 1
+1 1
+2 3
+1 1
+30 20
+1 10
+3 15
3943 77
+2 22
4075 33
+1 33
+1 44
+10 88
-88 4
+37 9
+1 27
+1 18
+23 25
3960 33
-2 22

fn=(372)
3302 84
+30 12
-30 12
+30 108
+8 24
+37 24
+2 10
+1 10
+2 15
+2 2
3806 108
3421 48
+1 14
+1 3
cfn=(374) malloc_consolidate
calls=1 4104 
* 793
* 1
3790 1
4992 2
3790 3
+2 25
4990 1
+2 1
-2 3
3442 2
3790 11
4992 22
3790 33
+2 275
4990 11
+2 11
-2 33
3442 58
3576 24
+73 12
+1 12
+1 12
-1 12
+1 12
+1 24
+1 24
+5 72
+4 36
+3 28
-3 21
+3 20
-3 15
+3 4
-3 2
3765 12
+3 12
-2 36
+2 24
+17 2
3578 14
+3 21
3421 38
5000 1
2271 4
+11 1
-11 1
+11 1
+87 1
-9 1
+9 1
+9 3
2700 2
+1 1
+5 2
+3 2
+5 1
-3 1
+3 1
-2 1
+5 1
-3 3
+1 1
-1 1
-1 1
+1 2
+1 1
3801 2
1862 3
2272 2
3773 11
-3 11
+1 11
+2 11
-1 11
+1 22
+2 11
-2 33
1862 11
3773 11
+2 11
+3 11
1862 22
2433 1
+19 2
-19 1
+9 1
+10 2
-10 1
+10 1
-10 3
+10 3
+8 1
-8 1
+8 1
+2 4
cfi=(82)
cfn=(376)
calls=1 46 
* 62
* 2
+4 5
+3 2
+1 2
+19 1
+27 2
+1 1
+1 2
+6 1
-6 1
+6 1
+3 6
+42 3
+19 1
+3 2
+1 6
+2 1
-2 1
+2 1
+1 4
cfi=(82)
cfn=(376)
calls=1 46 
* 26
+12 3
+8 2
+1 3
+39 1
+1 1
-2 1
+1 3
+12 1
-12 1
+1 1
+11 1
2527 2
+42 3
2369 2

fn=(424) free
2917 22
+1 22
+6 22
+5 11
-2 11
+2 22
+16 33
+1 22
cfn=(426)
calls=11 3814 
* 1101

fn=(374)
4104 8
+22 2
4996 1
4126 3
1785 1
+3 3
-3 128
+3 378
-3 252
+7 3
+5 1
+2 1
-2 1
4199 8
1796 3

fl=(97)
fn=(474)
20 5
+1 5
-2 5
+1 5
+3 5
-2 5
+1 15
+1 15
+1 5

fl=(41)
fn=(172)
54 1
-9 1
+9 1
+3 1
-3 1
+3 5
+95 2
+1 7
+7 3
+4 2
+2 3
+18 2
+5 1
+1 1
+2 1
+1 2
-9 4
+1 5
+1 2
-16 2
+1 1
+2 2
+3 2
31 2
+6 1
-6 1
+7 1
-1 1
+28 1
-27 1
+27 1
-28 1
+2 1
-1 1
+1 1
+26 1
+1 1
-35 4
+35 1
+5 1
-12 1
+12 1
+3 12
+27 1
-42 1
+42 1
+22 1
-64 1
+68 1

fl=(72)
fn=(328)
61 37
+4 37
+3 37
+1 37
+2 27
+1 27
+2 27
+1 27
+5 27
+1 27
-1 10
+1 10
+2 14
+1 14
+2 14
+1 14
+5 14
+1 14
-1 23
+1 23
+2 3
+1 3
+2 3
+1 3
+5 3
+1 3
-1 34
+1 34
+2 6
+1 6
+2 6
+1 12
+5 6
+1 6
-1 31
+1 35
+5 4
+1 4
+1 4
+1 4
+2 4
+2 4
+1 4
+2 4
+6 37
+4 37

fl=(108) /build/buildd/eglibc-2.19/stdlib/rand.c
fn=(538) rand
26 2
+1 2
cfi=(109)
cfn=(540)
calls=2 293 
* 86
+1 4

fl=(69)
fn=(322) buffered_vfprintf
2323 6
+8 3
+10 1
+15 1
-21 1
+7 1
+2 1
-3 3
+8 1
-8 1
+10 2
+1 2
+4 1
cfn=(321) vfprintf'2
calls=1 235 
* 856
+6 1
-6 1
+6 5
+1 8
+12 5
+2 4
cfi=(74)
cfn=(332) _IO_file_xsputn@@GLIBC_2.2.5
calls=1 1281 
* 213
+1 3
+5 2
+1 2
+2 1
+1 6
-56 3
+52 3

fn=(320)
235 121
+35 33
1295 35
+4 55
+11 22
+11 10
fi=(120) /build/buildd/eglibc-2.19/stdio-common/printf-parse.h
108 20
fe=(69)
1321 50
fi=(120)
108 10
cfi=(70) /build/buildd/eglibc-2.19/string/../sysdeps/x86_64/strchr.S
cfn=(324) strchrnul
calls=10 -84 
* 272
fe=(69)
1336 10
fi=(120)
108 10
fe=(69)
1332 10
+4 20
+4 70
cfi=(74)
cfn=(332)
calls=10 -59 
* 2021
* 30
2098 50
+1 30
+2 10
+1 80
1295 18
+41 70
+1 60
-24 4
cfn=(322)
calls=1 2323 
* 1137
2102 8
1340 20
+4 10
-4 10
+4 20
+4 70
283 10
-6 10
-3 10
1325 10
-8 10
240 10
1396 112
-3 14
-1 14
-17 14
+1 14
+1 14
+1 14
+1 14
+1 14
+1 14
+1 14
+1 14
+1 14
+1 14
+3 14
+1 14
1580 28
-21 42
1396 126
2091 20
+2 20
+2 20
1680 28
+8 14
fi=(120)
108 28
fe=(69)
1688 14
fi=(120)
108 14
fe=(69)
1688 14
fi=(120)
108 14
cfi=(70)
cfn=(324)
calls=14 -84 
* 280
fe=(69)
1692 14
-4 14
+4 126
cfi=(74)
cfn=(332)
calls=14 1281 
* 2386
* 14
-10 14
+10 154
+2 14
-2 14
+2 14
-16 12
-18 433
cfi=(74)
cfn=(332)
calls=9 1281 
* 690
* 171
cfi=(73)
cfn=(330)
calls=9 168 
* 258
* 728
cfi=(95)
cfn=(470)
calls=5 161 
* 7090
* 60

fn=(321)
235 11
+35 3
1295 3
+4 5
+11 2
+11 1
fi=(120)
108 2
fe=(69)
1321 5
fi=(120)
108 1
cfi=(70)
cfn=(324)
calls=1 -84 
* 44
fe=(69)
1336 1
fi=(120)
108 1
fe=(69)
1332 1
+4 2
+4 7
cfi=(71)
cfn=(326)
calls=1 447 
* 70
* 3
2098 2
+1 3
+2 1
+1 8
1295 2
+45 2
+4 1
-4 1
+4 2
+4 7
283 1
-6 1
-3 1
1325 1
-8 1
240 1
1396 16
-3 2
-1 2
-17 2
+1 2
+1 2
+1 2
+1 2
+1 2
+1 2
+1 2
+1 2
+1 2
+1 2
+3 2
+1 2
1580 4
-21 6
1396 18
2091 2
+2 2
+2 2
1680 4
+8 2
fi=(120)
108 4
fe=(69)
1688 2
fi=(120)
108 2
fe=(69)
1688 2
fi=(120)
108 2
cfi=(70)
cfn=(324)
calls=2 -84 
* 40
fe=(69)
1692 2
-4 2
+4 18
cfi=(71)
cfn=(326)
calls=2 447 
* 157
* 2
-10 2
+10 22
+2 2
-2 2
+2 2
-16 3
-18 49
cfi=(71)
cfn=(326)
calls=1 447 
* 56
* 9
+1 21
cfi=(71)
cfn=(326)
calls=1 447 
* 52
* 36
-1 10
cfi=(73)
cfn=(330)
calls=1 168 
* 22
* 43
+1 9

fl=(63)
fn=(258)
57 6
-22 2
cfn=(260) __new_exitfn
calls=1 +38 
* 38
+2 2
+4 1
+3 1
+1 1
-4 2
+2 1
+4 1
+1 1
+11 4

fn=(260)
73 1
+6 2
-6 3
+6 4
+2 4
-7 2
+9 3
-2 1
+10 1
-10 3
+45 1
+1 1
+3 4
+3 5
-21 1
+1 2

fl=(56) /build/buildd/eglibc-2.19/string/../sysdeps/x86_64/multiarch/../cacheinfo.c
fn=(232) handle_intel
306 4
-1 4
+17 2
-17 12
+14 2
+1 4
-3 6
+23 10
cfn=(234) intel_check_word
calls=2 162 
* 636
+1 4
+3 10
cfn=(234)
calls=2 162 
* 167
+1 4
-17 4
+5 2
-5 4
+5 2
+2 2
+1 2
-1 4
+27 16

fn=(230) init_cacheinfo
550 1
+13 1
-13 1
+13 1
-13 1
+13 1
+7 2
+2 3
cfn=(232)
calls=1 306 
* 431
+4 2
-4 1
+4 1
cfn=(232)
calls=1 306 
* 470
+2 1
-2 1
-1 1
+3 1
+29 1
-18 1
+18 3
+7 2
+9 20
-9 12
+6 6
-6 3
+6 2
+49 4
+75 2
+2 1
+1 1
+2 1
-3 1
+5 1
-5 1
+4 3
+4 2
+2 1
+1 1
+2 1
-3 1
+5 1
+2 1
-7 1
+4 2
+3 1
-3 1
+3 2
-93 5
-45 2
+6 5
+7 2
+4 4
+2 4
-6 4
+4 1
-2 1
+2 1
-4 3
+4 1
-2 1
+2 1
+15 2
-8 1
+2 2
+1 1
-1 2
+1 1
+1 1

fn=(234)
162 8
+6 4
-7 8
+7 8
-7 4
+7 8
-7 4
+7 4
+2 4
-2 4
+2 12
+2 4
+2 8
-2 6
+2 12
+8 20
+53 16
fi=(57) /build/buildd/eglibc-2.19/string/../bits/stdlib-bsearch.h
27 8
+1 16
+3 16
+1 8
fe=(56)
150 16
fi=(57)
31 12
+1 6
fe=(56)
150 12
+3 54
fi=(57)
29 46
+2 46
-2 46
+2 80
+1 40
fe=(56)
150 80
295 8
170 16
-6 2
300 16
fi=(57)
37 8
-8 18
fe=(56)
194 10
+5 10
-5 14
+34 3
-34 15
+5 6
+4 8
+7 8
+3 2
+2 4
-10 2
-2 2
+2 3
+12 2
+2 2
+1 2
-3 2
+2 2
-1 2
-1 2
+2 2
-1 6
+1 2
-2 4

fl=(50) /build/buildd/eglibc-2.19/csu/../csu/init-first.c
fn=(218) _init
52 8
+6 3
+14 1
fi=(51) /build/buildd/eglibc-2.19/csu/../sysdeps/generic/dl-hash.h
-28 1
fe=(50)
+26 1
+1 1
fi=(52) /build/buildd/eglibc-2.19/csu/../sysdeps/unix/sysv/linux/x86_64/init-first.c
-33 1
fi=(51)
+7 1
fi=(52)
-7 1
fe=(50)
+34 1
fi=(52)
-34 2
fi=(51)
+5 1
+5 3
+1 2
+13 2
-17 3
+3 9
+1 6
+13 6
-17 9
+22 1
fi=(52)
-29 2
+2 2
-2 1
+2 2
cfi=(44)
cfn=(178)
calls=1 -13 
* 7
+1 2
+5 2
-3 2
+1 1
+2 1
cfi=(44)
cfn=(178)
calls=1 -19 
* 7
fe=(50)
+40 1
fi=(52)
-36 1
fe=(50)
+36 2
fi=(52)
-36 2
+1 2
+1 1
fe=(50)
+34 1
cfi=(53)
cfn=(224)
calls=1 -56 
* 48
+8 1
cfi=(55)
cfn=(228)
calls=1 -63 
* 16
+5 6
-34 1
-7 1
+7 4
fi=(52)
-23 2
fe=(50)

fl=(42) /build/buildd/eglibc-2.19/time/../sysdeps/unix/sysv/linux/x86_64/time.c
fn=(174) time
37 1
-1 1
fi=(43) /build/buildd/eglibc-2.19/time/../sysdeps/generic/dl-hash.h
+8 1
fe=(42)
-7 2
fi=(43)
+8 1
fe=(42)
-8 1
fi=(43)
+6 1
+5 3
+1 2
+13 2
-17 3
+3 9
+1 6
+13 6
-17 9
+22 1
fe=(42)
-30 2
+3 2
-3 1
+3 1
cfi=(44)
cfn=(178)
calls=1 -13 
* 7
* 3
+1 3

fl=(45) /build/buildd/eglibc-2.19/time/../sysdeps/unix/sysv/linux/x86_64/gettimeofday.c
fn=(182) gettimeofday
31 1
-1 1
fi=(43)
+14 1
fe=(45)
-13 2
fi=(43)
+14 1
fe=(45)
-14 1
fi=(43)
+12 1
+5 3
+1 2
+13 2
-17 3
+3 9
+1 6
+13 6
-17 9
+22 1
fe=(45)
-36 2
+3 2
-3 1
+3 1
cfi=(44)
cfn=(178)
calls=1 -7 
* 7
+1 3
+1 3

fl=(92) /build/buildd/eglibc-2.19/debug/printf_chk.c
fn=(458) __printf_chk
26 155
+4 25
-4 5
+4 155
+1 20
+1 20
+2 10
+1 30
-1 50
+1 10
cfi=(69)
cfn=(320)
calls=10 235 
* 16472
+3 10
-3 10
+3 10
+1 20
fi=(75)
913 10
+1 20
+1 80
fe=(92)
43 60

fl=(111) /build/buildd/eglibc-2.19/string/../sysdeps/x86_64/multiarch/memcpy-ssse3-back.S
fn=(554) __memmove_ssse3_back
55 800
+6 800
+1 800
+1 800
+1 800
+1 800
+58 800
+2 800
+1 800
+1 800
+2 800
+1 800
+1 800
+1 800
+1 800
+1 800
+1 800
+1 800
+1 800
+1 800
+1 800
+1 800
+1 800
+1 800
+1 800
+1 800
+1 800
1423 800
+2 800
+1 800
+1 800
+2 800
+1 800
+1 800
+2 800
+1 800
+1 800
+2 800
+1 800
+1 800
+2 800
+1 800
+1 800
+2 800
+1 800
+1 800
+2 800
+1 800
+1 800
+2 800
+1 800
+1 800
+2 800
+1 800
+1 800
+1 800
+1 800
+1 800
+1 800
+1 800
+1 3200
2298 800
+1 800
+2 800
+1 800
+2 800
+1 800
+1 800
+1 800
+1 800

fl=(77)
fn=(356)
30 2
fi=(78) /build/buildd/eglibc-2.19/malloc/arena.c
373 3
fe=(77)
29 3
cfi=(78)
cfn=(358) ptmalloc_init.part.7
calls=1 371 
* 57693
* 1
+4 1
-1 1
cfi=(76)
cfn=(355)
calls=1 2876 
* 1190

fl=(67) /build/buildd/eglibc-2.19/io/../sysdeps/unix/syscall-template.S
fn=(298) __open_nocancel
81 5

fn=(304) read
81 2
cfn=(306) __read_nocancel
calls=1 * 
* 5

fn=(306)
81 5

fn=(342) write
81 22
cfn=(344) __write_nocancel
calls=11 * 
* 55

fn=(296) open
81 2
cfn=(298)
calls=1 * 
* 5

fn=(344)
81 55

fl=(65)
fn=(278)
26 1
+9 1
+1 2
+1 1
+4 1
+1 1
+1 1
+1 1
+1 1
+2 2
+2 1
+1 1
+3 2
+2 1
+9 1
cfi=(66)
cfn=(280)
calls=1 -35 
* 9

fl=(81) /build/buildd/eglibc-2.19/nptl/../nptl/sysdeps/unix/sysv/linux/register-atfork.c
fn=(370) __linkin_atfork
116 2
+1 6
+2 1

fl=(58) /build/buildd/eglibc-2.19/elf/dl-altinit.c
fn=(238) dlinit_alt
33 3
+1 1

fl=(74)
fn=(462)
1222 1
+1 3
cfi=(94)
cfn=(464)
calls=1 34 
* 10

fn=(630)
886 1
+5 1
-5 1
+5 3
+2 1
+1 2
+17 2
+4 2

fn=(334)
824 228
+1 171
+7 391
+35 114
+3 90
+3 135
+1 135
+1 180
+4 45
+1 180
-45 4
+12 4
+9 8
+8 2
-4 2
+3 4
-2 4
-3 2
+1 4
+5 2
-1 2
+1 6
+1 4
+3 12
+1 12
+11 36
-12 12
cfn=(338) _IO_do_write@@GLIBC_2.2.5
calls=12 509 
* 940
-31 4
cfi=(71)
cfn=(336)
calls=2 414 
* 135
+1 12

fn=(340) _IO_file_write@@GLIBC_2.2.5
1254 77
+2 55
+11 11
+1 11
-12 22
+5 11
-1 33
+1 22
cfi=(67)
cfn=(342)
calls=11 81 
* 77
+1 22
+9 33
+3 99

fn=(332)
1281 34
+7 34
-7 238
+6 68
+7 204
+17 8
+4 62
+5 128
cfi=(72)
cfn=(328)
calls=32 61 
* 657
* 32
+6 32
-1 32
+1 64
+2 96
+27 68
+1 272
-45 4
+17 6
+4 48
cfn=(334)
calls=12 824 
* 1395
* 24
+6 24
+1 69
+2 36
+11 24
+1 4
cfi=(71)
cfn=(326)
calls=1 447 
* 507
* 2
-57 96
+1 64
+3 96
+2 451
-2 318
+4 40
523 2
+15 5
cfn=(340)
calls=1 1254 
* 43
* 1
+1 3
+6 1
-4 1
+4 1
-4 3
+1 2
+3 1
1344 1
+1 1
543 1
1345 1
530 4
+14 2

fn=(626)
461 2
+1 1
cfi=(71)
cfn=(628)
calls=1 +95 
* 51
* 2
+4 2
-1 2
+2 3
+2 1
+1 2

fn=(338)
509 12
+2 12
-2 60
+2 24
+1 12
+11 40
+7 40
+8 50
cfn=(340)
calls=10 1254 
* 430
* 10
+1 30
+6 10
-4 10
+4 10
-4 30
+1 20
+3 10
-34 20
+32 10
-32 10
+1 40
-1 10
+1 20
+32 20

fl=(78)
fn=(358)
371 6
+13 1
-8 1
+8 1
+7 2
+1 2
-1 1
+1 10
cfi=(81)
cfn=(370)
calls=1 116 
* 9
+2 5
+16 2
-74 130
+16 65
-18 198
455 2
+6 2
+1 2
+2 1
+1 7
-80 5
cfi=(79)
cfn=(360)
calls=1 126 
* 57231
* 2
+1 4
-49 2
+1 2

fl=(99)
fn=(478)
29 4
+1 4
+2 4
+1 4
+1 4
+12 4
+1 4
+1 4
+1 4
+1 4
+1 4
+1 4
+6 4
+1 4
+1 4

fl=(107) /build/buildd/eglibc-2.19/string/../sysdeps/x86_64/multiarch/memcmp-sse4.S
fn=(510) __memcmp_sse4_1
47 8
+1 8
+1 8
+2 8
+1 8
+2 8
+1 8
+1 32
1024 8
+1 8
+1 8
+1 8
+2 8
+1 8
+1 8
+1 8

fl=(115) /build/buildd/eglibc-2.19/stdlib/cxa_finalize.c
fn=(608) __cxa_finalize
31 3
+17 1
-17 5
+4 4
+4 6
-4 3
+32 4
+4 6
-4 3
+12 2
+3 1
-2 1
+2 6
-2 1
cfi=(116)
cfn=(610)
calls=1 -44 
* 13

fl=(87)
fn=(394)
93 8
+22 40
cfi=(88)
cfn=(396)
calls=8 -53 
* 24
* 16
+19 16

fl=(91) /build/buildd/eglibc-2.19/string/../sysdeps/x86_64/multiarch/memcpy-sse2-unaligned.S
fn=(414) __memcpy_sse2_unaligned
25 38
+1 38
+1 38
+1 38
+1 38
+1 38
+1 36
+1 36
+1 36
+1 36
+1 36
+1 36
+1 36
+1 36
+2 38
+1 38
+4 36
+1 36
+1 36
+1 36
+1 36
+1 36
+1 36
+1 36
+1 36
+1 36
+1 36
+1 36
+1 36
+1 36
+1 36
+1 36
+1 36
+1 36
+1 36
+1 36
+1 36
+1 36
+1 36
+1 36
+1 36
+1 36
+1 36
+1 36
+1 36
+1 36
+4 36
+1 36
+1 36
+1 36
+1 36
+1 36
+1 36
+1 36
+1 36
+1 36
+1 36
-10 2160
+1 2160
+1 2160
+1 2160
+1 2160
+1 2160
+1 2160
+1 2160
+1 2160
+1 2160
+1 2160
+1 36
+2 2
+1 2
+1 2
+2 2
+1 2
+1 2
+1 2
+1 2
+1 2
+1 2
+1 2
+1 2
+1 2
+1 2
+1 2
+1 2
+1 2
+1 2
+1 2
+1 2
+1 2
+1 2
+1 2
+2 2
+1 2
+1 2
+1 2
+1 2
+1 2
-5 830
+1 830
+1 830
+1 830
+1 830
+1 830
+1 2
+1 2

fl=(70)
fn=(324)
24 27
+1 27
+1 27
+1 27
+1 27
+1 27
+1 27
+1 27
+1 27
+1 27
+1 27
+1 27
+1 27
+1 27
+1 27
+1 27
+1 27
+1 23
+2 23
+7 23
+4 4
+1 4
+1 4
+1 4
+1 4
+1 4
+1 4
+1 4
+1 4
+1 4
+1 4
+1 4
+1 4
+1 4
+1 4
+1 4
+1 4
+1 4
+1 4
+1 4
+1 4
+1 4
+1 4
+1 4
+52 4
+2 4
+7 4

ob=(4) /usr/lib/valgrind/vgpreload_core-amd64-linux.so
fl=(49) ???
fn=(596) 0x0000000000000630
0 8
cob=(3)
cfi=(115)
cfn=(608)
calls=1 31 
0 59
cob=(1)
cfi=(60)
cfn=(250)
calls=1 34 
0 684
0 5
0 1
cfn=(614) 0x00000000000005c0
calls=1 0 
0 9
0 3

fn=(210) 0x0000000000000670
0 16

fn=(614)
0 9

ob=(2) ???
fl=(14) ???
fn=(206) 0x0000000004a25560
0 6

fn=(594) 0x0000000000409564
0 3

fn=(620) 0x0000000004a257e8
0 3

fn=(264) 0x00000000004007a0
0 6

ob=(1)
fl=(13) /build/buildd/eglibc-2.19/elf/dl-object.c
fn=(28) _dl_new_object
61 42
+1 3
cfi=(9) /build/buildd/eglibc-2.19/string/../sysdeps/x86_64/multiarch/../rtld-strlen.S
cfn=(18) strlen
calls=3 -36 
* 154
+6 3
-6 12
+6 33
+7 12
cfi=(15) /build/buildd/eglibc-2.19/elf/dl-minimal.c
cfn=(32) calloc
calls=3 +27 
* 134
* 3
+3 3
-3 3
+3 3
+4 3
+5 6
-6 3
+6 3
-5 3
+4 6
+1 3
cfi=(16) /build/buildd/eglibc-2.19/string/../sysdeps/x86_64/multiarch/../memcpy.S
cfn=(42) memcpy
calls=3 -26 
* 88
* 3
+10 6
-8 3
+9 3
-1 6
+1 6
-1 3
+1 6
+3 3
-3 3
+3 3
+9 3
-7 3
+4 3
+3 8
+2 2
-2 2
+2 30
-2 30
+12 3
+6 3
-5 3
-1 3
+6 9
-2 3
+2 6
+2 6
+3 7
+4 6
+4 6
+2 1
+6 1
+3 2
+3 5
-3 4
+3 10
+2 2
+4 2
-4 2
cfi=(9)
cfn=(18)
calls=2 26 
* 144
* 4
+4 2
-4 2
+4 6
+64 4
+4 24
-88 6
-39 7
+39 3
+70 6
cfi=(24) /build/buildd/eglibc-2.19/string/../sysdeps/x86_64/memcpy.S
cfn=(66) mempcpy
calls=2 61 
* 71
* 2
+5 40
+1 40
-1 40
+1 42
-1 2
+1 6
+5 4
-57 4
cfi=(15)
cfn=(36) malloc
calls=2 -72 
* 68
* 2
+1 2
-1 2
+1 6

fn=(44) _dl_add_to_namespace_list
32 6
+2 3
-2 9
+2 3
cfi=(2)
cfn=(46)
calls=3 838 
* 6
+2 22
+4 3
-1 15
+2 2
+2 2
+4 2
+4 2
-4 4
+1 4
+1 4
+2 2
+1 6
-1 2
cfi=(2)
cfn=(48)
calls=2 844 
* 4
-4 1
+4 1
-4 2
+1 2
+1 2
+2 1
+1 3
-1 1
cfi=(2)
cfn=(48)
calls=1 844 
* 2
-5 2

fl=(35) /build/buildd/eglibc-2.19/elf/dl-cache.c
fn=(130) _dl_load_cache_lookup
182 8
+8 2
+3 3
+51 3
+9 1
+6 2
-6 3
+6 1
cfi=(23) /build/buildd/eglibc-2.19/io/../sysdeps/unix/syscall-template.S
cfn=(64) access
calls=1 81 
* 9
* 1
+4 1
-10 1
+10 3
+15 112
cfn=(134) _dl_cache_libcmp
calls=7 138 
* 521
* 36
-82 4
cfi=(31) /build/buildd/eglibc-2.19/elf/dl-misc.c
cfn=(132) _dl_sysdep_read_whole_file
calls=1 45 
* 67
+8 1
-8 1
+8 4
+1 4
cfi=(12) /build/buildd/eglibc-2.19/string/../string/memcmp.c
cfn=(26) bcmp
calls=1 315 
* 112
* 2
+7 1
-3 1
+3 3
+3 1
+1 2
-1 1
+1 1
+1 3
cfi=(12)
cfn=(26)
calls=1 +98 
* 111
* 2
+2 2
+59 13
cfn=(134)
calls=1 138 
* 72
* 4
-14 4
+14 1
-14 2
-1 3
+15 21
+16 2
+5 9
-21 3

fn=(134)
138 24
+1 18
+2 80
+2 40
-2 40
+2 2
+6 1
+2 1
-1 1
-1 1
+1 1
-1 1
+2 3
+2 5
+2 2
+6 78
+2 142
+4 32
+1 32
-29 64
+32 2
+1 2
-8 7
+8 14

fn=(196) _dl_unload_cache
309 4
-1 1
+3 2
cfi=(25) /build/buildd/eglibc-2.19/misc/../sysdeps/unix/syscall-template.S
cfn=(198) munmap
calls=1 81 
* 5
+1 1
+2 2

fl=(8) /build/buildd/eglibc-2.19/elf/../sysdeps/unix/sysv/linux/x86_64/brk.c
fn=(14) brk
31 1
-3 1
+3 6
+8 1
-6 2
+7 1

fl=(23)
fn=(64)
81 12
+2 15

fn=(106) read
81 8
+1 2

fn=(104) open
81 28
+1 3
+1 20

fn=(118) close
81 12
+1 3

fl=(34) /build/buildd/eglibc-2.19/io/../sysdeps/unix/sysv/linux/wordsize-64/xstat.c
fn=(128) _xstat
34 4
-1 4
+1 4
+1 24
+4 1
-4 12

fl=(48) /build/buildd/eglibc-2.19/elf/dl-init.c
fn=(204) call_init.part.0
34 32
+8 4
-8 4
+11 4
-3 8
+3 12
+5 9
+5 4
+8 4
+1 12
cob=(3)
cfi=(50)
cfn=(218)
calls=1 -12 
* 181
cob=(2)
cfi=(14)
cfn=(206)
calls=1 -64 
* 6
+3 2
+1 4
+6 2
+2 4
-2 4
+3 10
+1 8
cob=(3)
cfi=(56)
cfn=(230)
calls=1 550 
* 1045
cob=(4)
cfi=(49)
cfn=(210)
calls=1 -78 
* 16
* 4
cob=(3)
cfi=(58)
cfn=(238)
calls=1 -45 
* 4
* 3
-1 6
+3 18
-29 2
+29 6
-34 3

fn=(202) _dl_init
86 11
+1 1
+1 1
+3 3
+7 4
+27 15
+1 12
-90 20
cfn=(204)
calls=3 -2 
* 1344
* 3
+96 8
-96 3
cfn=(204)
calls=1 -2 
* 77
+58 2

fl=(36)
fn=(150) _dl_determine_tlsoffset
112 7
+6 3
+3 2
+36 1
-34 1
+34 2
+2 3
-2 1
-2 1
-40 1
-1 1
-1 2
+44 6
+5 1
-1 1
+5 2
-4 1
-1 1
+7 1
-7 1
+3 2
+2 1
+2 1
-2 2
+16 5
+2 1
+1 1
-1 2
+10 1
-12 4
+15 4
+1 1
+51 1
+1 8

fn=(152) _dl_allocate_tls_storage
328 1
+13 1
-13 2
+2 1
+11 2
cfi=(15)
cfn=(40) __libc_memalign
calls=1 51 
* 51
* 1
+1 1
-1 1
+1 1
+7 1
+4 306
-58 1
+1 1
-1 1
+1 2
cfi=(15)
cfn=(32)
calls=1 102 
* 43
* 1
+1 2
+9 1
-6 1
+6 1
+64 5

fn=(192) _dl_allocate_tls_init
376 7
+1 1
-1 1
+1 1
+4 2
+3 1
-1 1
-2 1
+8 3
+5 7
+6 7
+22 2
+1 4
+2 2
+9 1
-8 1
+8 2
-8 1
+8 1
+1 1
+1 3
cfi=(24)
cfn=(66)
calls=1 61 
* 23
* 5
cfi=(26) /build/buildd/eglibc-2.19/string/../sysdeps/x86_64/rtld-memset.S
cfn=(70) memset
calls=1 30 
* 166
* 3
-42 5
+6 2
+3 1
+1 2
+6 1
+3 1
-3 2
+3 1
-1 2
+38 2
+2 1
+1 8

fn=(136) _dl_next_tls_modid
50 1
+3 3
+48 2
+4 2

fn=(190) _dl_add_to_slotinfo
831 3
+9 1
-9 1
+6 2
+8 5
+41 1
+1 3
+1 4

fn=(578)
770 1
+2 3
+3 3
+2 2
+3 1
+1 1

fl=(10) /build/buildd/eglibc-2.19/elf/../misc/sbrk.c
fn=(20) sbrk
34 4
+8 6
+4 2
+11 5

fl=(12)
fn=(26)
315 12
+3 12
-3 60
+4 12
-4 12
+7 24
+4 12
+2 1
+1 1
+1 1
+1 1
+2 2
-5 1
+1 1
+1 1
+1 1
+2 2
+2 2
-9 6
+16 4
+1 8
-1 8
129 14
-18 6
346 4
+4 2
+2 2
-2 4
+1 2
+5 20
+2 9
+1 9
+1 9
+3 96
-3 54
-2 54
+1 54
+4 108
-7 124
+12 9
+1 96
228 2
-7 2
+1 2
+4 2
+2 2
-6 2
+4 2
+2 10
-95 2
+1 2
+1 2
+1 2
+1 2
+48 2
-2 2
+1 2
+1 14
-80 2
+1 4
+4 4
-5 8
+1 16
+4 18
234 2
+2 2
-4 2
+1 2
+4 2
-2 2
+56 4
-2 2
+2 4
-1 2
+1 4
+1 4
+12 12
+1 4
-6 4

fl=(33) /build/buildd/eglibc-2.19/elf/dl-deps.c
fn=(120) _dl_map_object_deps
147 1
+1 1
-1 2
+1 1
-1 1
+1 1
-1 1
+1 2
-1 5
+1 1
-1 1
+1 2
+14 1
-2 1
+1 1
-13 1
+14 1
+6 3
+10 1
-10 1
+10 3
-14 1
-4 1
+2 1
+17 1
-17 1
-2 2
+2 1
-2 1
+2 1
-2 1
+1 1
+1 1
+6 3
+10 1
-10 1
+10 3
-16 3
+20 1
+21 1
+1 1
-22 2
+19 1
-12 1
+15 1
-16 1
+13 1
343 9
209 1
+8 1
-4 1
+4 1
-8 3
+8 3
-4 3
+4 3
+12 8
+2 2
+11 2
-5 2
-6 4
+5 2
+2 4
+1 4
+3 8
-32 2
+32 4
+50 4
+1 3
-51 192
+1 96
+6 10
cfi=(27) /build/buildd/eglibc-2.19/string/../sysdeps/x86_64/multiarch/../strchr.S
cfn=(72) index
calls=2 24 
* 70
* 4
+5 10
-3 2
+3 2
cfi=(29) /build/buildd/eglibc-2.19/elf/dl-error.c
cfn=(90) _dl_catch_error
calls=2 -91 
* 6940
+2 6
+15 2
+2 4
+5 2
+6 2
-6 4
+3 2
+1 2
+1 2
+1 2
+4 10
-2 8
-57 8
-19 2
471 8
+2 6
+3 4
-1 2
cfi=(15)
cfn=(36)
calls=2 93 
* 68
* 2
+2 2
-2 2
+2 2
+3 2
+1 8
+1 2
-1 4
cfi=(16)
cfn=(42)
calls=2 61 
* 41
+1 8
cfi=(16)
cfn=(42)
calls=2 61 
* 41
+4 2
-1 2
+5 16
+3 9
-1 4
+1 8
202 1
497 6
+1 2
+3 5
+11 3
-1 1
cfi=(15)
cfn=(36)
calls=1 93 
* 34
* 1
+3 1
-3 1
+3 1
+5 7
+1 4
+2 9
+6 9
+4 3
-10 3
+10 3
-10 7
+6 3
+4 1
-10 1
+10 1
-10 3
+13 2
+51 6
+2 3
+42 2
+1 1
-1 6
+1 1
cfi=(26)
cfn=(70)
calls=1 30 
* 14
* 1
-2 10
+13 1
-6 1
-1 1
+1 1
+6 2
-13 6
+13 2
-6 2
-1 2
+1 2
+6 6
+2 8
+1 4
-1 4
+1 4
+3 6
-1 9
+23 3
-28 6
+31 9
+3 20
cfi=(26)
cfn=(70)
calls=2 30 
* 18
* 15
217 8
+1 17
+2 2
+2 6
+2 26
658 2
+25 2
+2 1
+1 1
-1 1
+2 3
+7 3
+3 2
+3 8
295 138
623 7
cfi=(16)
cfn=(42)
calls=1 61 
* 28
+2 1
-38 1
+38 2

fn=(122) openaux
60 4
+7 2
-4 6
+1 2
-1 2
+1 2
-1 10
cfi=(21) /build/buildd/eglibc-2.19/elf/dl-load.c
cfn=(98) _dl_map_object
calls=2 2317 
* 6784
* 2
+5 4

fl=(25)
fn=(198)
81 4
+1 1

fn=(68) mmap
81 45
+1 9

fn=(114) mprotect
81 24
+1 6

fl=(29)
fn=(138) _dl_receive_error
205 10
+1 1
cfi=(2)
cfn=(92) _dl_initial_error_catch_tsd
calls=1 798 
* 2
+5 1
-1 1
-4 1
+9 1
+2 1
-3 1
+3 1
cfi=(2)
cfn=(140) version_check_doit
calls=1 657 
* 3129
+2 1
+1 1
+1 8

fn=(90)
163 6
+15 3
-3 6
+1 6
-13 6
+14 6
+1 3
+2 3
cfi=(2)
cfn=(92)
calls=3 798 
* 6
+2 3
-1 3
+4 3
-5 3
+2 3
+3 3
-4 3
+4 3
cfi=(30) /build/buildd/eglibc-2.19/setjmp/../sysdeps/x86_64/setjmp.S
cfn=(94) __sigsetjmp
calls=3 26 
* 57
* 9
+2 9
cfi=(33)
cfn=(122)
calls=2 60 
* 6818
cfi=(2)
cfn=(96) map_doit
calls=1 625 
* 2458
+1 6
+2 3
+1 3
-3 3
+1 6
+1 3
+1 3
+8 12

fl=(16)
fn=(42)
61 14
+2 14
+2 14
+3 13
+1 13
+2 5
+1 5
+2 5
+1 5
+5 5
+1 5
-1 8
+1 8
+2 4
+1 4
+2 4
+1 8
+5 4
+1 4
-1 9
+1 9
+2 3
+1 3
+2 3
+1 3
+5 3
+1 3
-1 10
+1 10
+2 8
+1 8
+2 8
+1 8
+5 8
+1 8
-1 5
+1 10
+5 5
+1 5
+1 5
+1 5
+2 5
+2 5
+1 5
+2 5
+8 13
+8 5
+6 5
+2 5
+1 5
+3 2
+1 4
+5 2
+1 2
+2 2
+2 2
+1 2
+2 2
-8 6
+1 6
+2 6
+2 6
+1 6
+2 8
+9 2
+1 2
-1 3
+1 3
+3 5
+1 5
+1 5
+5 4
+2 4
+1 4
+1 4
+1 4
+2 4
+1 4
+1 4
+1 4
+2 4
+1 4
+2 4
+22 5
+6 5
+1 5
+2 1

fl=(1) ???
fn=(0) 0x00000000000012d0
0 2
cfi=(2)
cfn=(2) _dl_start
calls=1 362 
0 97661
0 14
cfi=(48)
cfn=(202)
calls=1 86 
0 1504
0 3
cob=(5)
cfi=(59)
cfn=(242) 0x0000000000400917
calls=1 0 
0 16273957

fl=(11) /build/buildd/eglibc-2.19/elf/dl-environ.c
fn=(24) _dl_next_ld_env_entry
30 3
+3 11
+2 130
+11 63
-13 189
-2 1
+19 1
-14 22
+5 2
-3 2
+3 2
+2 2

fl=(20) /build/buildd/eglibc-2.19/posix/../sysdeps/unix/syscall-template.S
fn=(58) uname
81 4
+1 1

fl=(19) /build/buildd/eglibc-2.19/elf/../sysdeps/unix/sysv/linux/dl-sysdep.c
fn=(56) _dl_discover_osversion
45 7
+2 3
+85 8
-45 3
cfi=(20)
cfn=(58)
calls=1 -6 
* 5
* 1
+15 1
-15 1
+20 1
-1 1
+3 12
+4 3
-2 6
+2 10
+2 1
+1 2
-3 4
+7 3
-1 3
+4 3
-2 3
+2 10
+5 2

fl=(114)
fn=(582) _dl_sort_fini
32 9
+2 1
-2 4
+2 1
+6 1
-1 2
+2 1
-1 1
-1 2
+1 4
+1 1
cfi=(26)
cfn=(70)
calls=1 -11 
* 14
* 1
+15 8
+62 5
+3 18
cfi=(26)
cfn=(70)
calls=2 -91 
* 18
* 8
-75 4
-1 6
+1 2
+4 6
+71 1
-75 2
-1 3
+1 1
+4 9
+6 3
+1 3
-1 3
+1 5
+2 8
+1 4
-1 4
+1 4
+3 6
-1 9
+31 9
+21 3
-57 6
+61 11
+7 8

fn=(580)
131 3
+12 1
-12 5
+19 1
-6 1
+9 10
+3 2
cfi=(2)
cfn=(46)
calls=1 838 
* 2
+3 2
+3 2
+2 6
+7 1
+4 1
-4 1
+4 3
+2 2
+3 9
+3 2
+10 8
+2 8
+2 4
+2 4
-2 8
+6 4
-5 4
-7 12
+14 2
+5 6
cfn=(582)
calls=1 32 
* 219
+9 2
cfi=(2)
cfn=(48)
calls=1 844 
* 2
+4 4
+2 1
+2 3
-2 3
+2 9
+3 8
+3 12
+4 4
+7 4
+4 2
+1 2
-1 2
+2 4
+1 6
+1 4
cob=(4)
cfi=(49)
cfn=(596)
calls=1 0 
* 769
cob=(5)
cfi=(59)
cfn=(584) 0x00000000004009c0
calls=1 0 
* 16
-1 6
+5 6
+1 6
cob=(2)
cfi=(14)
cfn=(620)
calls=1 0 
* 3
cob=(2)
cfi=(14)
cfn=(594)
calls=1 0 
* 3
+5 24
+16 8
-55 9
-70 2
283 6
-49 4
+55 2
+7 8

fl=(80)
fn=(368)
182 5
+1 4
+1 12
+1 2
+3 2
+4 1
-9 6

fl=(9)
fn=(18)
26 13
+1 13
+1 13
+1 13
+2 7
+1 7
+2 7
+1 7
-1 25
+1 25
+1 31
+1 31
+1 31
+2 24
+5 12
+1 12
+1 12
+1 12
+3 12
-6 4
+1 4
+1 4
+1 4
+3 4
+1 15
+1 15
+1 15
+2 15
+3 13
+1 13
+1 13
+1 13
+3 13
+1 8
+1 8
+1 8
+2 8
+3 6
+1 6
+1 6
+1 6
+3 6
+1 6
+1 6
+1 6
+2 6
+3 6
+1 6
+1 6
+1 6
+3 6
+1 5
+1 5
+1 5
+2 6
+3 1
+2 1
+1 1
-3 11
+2 11
+1 11
+1 11
+2 11
+1 11
+1 11
+2 11
+1 11
+1 8
+2 8
+1 8
+1 7
+2 7
+2 7
+1 7
+1 6
+2 6
+1 6
+1 6
+2 6
+1 6
+1 4
+2 4
+1 4
-1 9
+1 9

fl=(60)
fn=(250)
34 17
+2 17
+1 17
+1 17
+1 17
+1 17
+1 17
+1 17
+1 17
+1 17
+1 17
cfi=(61) /build/buildd/eglibc-2.19/elf/../elf/dl-runtime.c
cfn=(252) _dl_fixup
calls=17 +21 
* 13470
+1 17
+1 17
+1 17
+1 17
+1 17
+1 17
+1 17
+1 17
+1 17
+2 17

fl=(26)
fn=(70)
30 13
+1 13
+1 13
+1 2161
+1 13
+1 13

fl=(32) /build/buildd/eglibc-2.19/io/../sysdeps/unix/sysv/linux/wordsize-64/fxstat.c
fn=(112) _fxstat
34 3
-1 3
+1 3
+1 18
+4 3

fl=(31)
fn=(132)
45 1
+7 1
-7 3
+7 1
-7 1
+1 1
-1 2
+7 1
cfi=(23)
cfn=(104)
calls=1 +29 
* 5
+1 1
-1 1
+1 1
+2 4
cfi=(32)
cfn=(112)
calls=1 -21 
* 10
* 2
+2 1
+3 1
-3 1
+3 1
+13 2
cfi=(23)
cfn=(118)
calls=1 +8 
* 5
+3 7
-14 6
cfi=(25)
cfn=(68)
calls=1 +19 
* 6
* 2

fn=(100) _dl_name_match_p
288 305
+1 122
cfi=(17) /build/buildd/eglibc-2.19/string/../sysdeps/x86_64/multiarch/../strcmp.S
cfn=(50) strcmp
calls=61 131 
* 434
* 61
+1 61
-1 61
+3 61
+2 122
+4 62
-4 124
+1 195
cfi=(17)
cfn=(50)
calls=65 131 
* 867
* 130
-5 3
+11 73
-1 58
+1 232

fl=(37) /build/buildd/eglibc-2.19/elf/dl-version.c
fn=(142) _dl_check_all_versions
380 6
+4 4
-2 2
+4 28
cfn=(144) _dl_check_map_versions
calls=4 174 
* 3044
-2 4
+2 12
-1 4
-1 8
+5 7

fn=(144)
174 36
+15 4
-15 8
+15 8
+2 4
+3 4
-3 4
+2 4
+1 4
+2 4
-3 4
+3 4
+3 8
+4 12
+17 2
56 2
220 2
56 2
220 2
56 10
+1 5
-1 10
+2 21
cfi=(31)
cfn=(100)
calls=7 288 
* 510
* 16
228 6
+5 14
+19 4
-15 98
cfn=(146) match_symbol
calls=4 76 
* 743
* 6
cfn=(146)
calls=2 76 
* 306
* 6
+7 24
+3 20
+9 8
-73 2
-8 2
+95 12
+3 6
+10 26
-7 104
+3 78
-3 8
+3 6
+8 4
+86 4
-86 4
+87 8
-81 12
cfi=(15)
cfn=(32)
calls=3 102 
* 150
* 3
+1 3
-2 3
+2 3
+11 3
-3 3
+3 6
+2 9
+3 8
+4 6
+18 4
-15 12
+2 12
-2 6
+2 6
+2 6
+1 6
-1 12
+1 6
-1 6
+1 6
+1 6
-2 6
+2 12
+1 18
+3 18
+8 6
+10 9
+3 8
+20 26
-14 26
-2 26
+2 28
-2 2
+2 2
+4 26
+2 26
-1 52
+1 26
-1 78
+1 26
+1 26
+3 84
+10 3
-1 3
+1 21

fn=(146)
76 66
+9 6
-8 6
-1 12
+1 6
+8 6
+6 18
+15 6
+1 12
+2 6
+5 12
+14 86
+12 111
+4 37
-30 74
+16 6
+3 24
cfi=(17)
cfn=(50)
calls=6 -2 
* 495
* 12
+35 48

fl=(21)
fn=(102) open_verify
1873 10
+36 1
-36 2
+36 2
+21 4
cfi=(23)
cfn=(104)
calls=1 81 
* 5
+1 1
-1 1
+1 1
+10 1
+1 2
+5 6
cfi=(23)
cfn=(106)
calls=1 81 
* 5
+2 2
+2 1
+2 1
-2 2
+2 1
+6 2
+16 5
cfi=(12)
cfn=(26)
calls=1 315 
* 88
* 2
+2 1
-2 2
+4 4
cfi=(12)
cfn=(26)
calls=1 315 
* 80
-4 2
+75 2
+5 2
+3 4
+5 2
+7 1
+1 1
-1 4
+1 3
+1 1
+15 61
+2 19
+4 4
+1 2
+13 1
+1 1
+2 1
-3 1
+1 1
-1 1
+1 1
-2 1
+4 2
-7 4
cfi=(12)
cfn=(26)
calls=1 315 
* 80
* 2
-97 3
2154 8

fn=(126) open_verify.constprop.6
1871 50
+38 5
-38 5
+38 10
+21 20
cfi=(23)
cfn=(104)
calls=5 81 
* 41
+1 5
-1 5
+1 5
+10 1
+1 2
+5 6
cfi=(23)
cfn=(106)
calls=1 81 
* 5
+2 2
+2 1
+2 1
-2 2
+2 1
+6 2
+16 5
cfi=(12)
cfn=(26)
calls=1 315 
* 88
* 2
+2 1
-2 2
+4 4
cfi=(12)
cfn=(26)
calls=1 315 
* 80
-4 2
+75 2
+5 2
+3 4
+5 2
+7 1
+1 1
-1 5
+1 3
+1 1
-2 1
+17 45
+2 17
+4 4
+1 2
+13 1
+1 1
+2 1
-3 1
+1 1
-1 1
+1 1
-2 1
+4 2
+5 1
+1 1
-13 4
cfi=(12)
cfn=(26)
calls=1 315 
* 73
* 4
cfi=(12)
cfn=(26)
calls=1 315 
* 80
* 4
+16 2
+6 1
-3 1
+1 1
+1 1
+1 2
+1 4
-4 1
+1 1
+1 1
-1 3
-1 1
+4 2
+5 4
+23 40

fn=(98)
2317 24
+7 3
-7 6
+7 3
+1 6
+3 27
+12 12
-12 18
+5 21
+1 14
+2 21
cfi=(31)
cfn=(100)
calls=7 288 
* 492
* 15
2607 24
2362 4
+10 12
+26 4
-2 2
+2 2
cfi=(27)
cfn=(72)
calls=2 24 
* 46
* 4
2538 6
cfn=(78) expand_dynamic_string_token
calls=1 415 
* 239
+1 1
-3 1
+4 1
-1 2
+4 6
cfn=(102)
calls=1 1873 
* 447
+3 1
-3 1
+3 1
+12 8
+2 4
+44 2
+1 16
-1 2
+1 6
cfn=(108) _dl_map_object_from_fd
calls=2 923 
* 4859
* 2
2402 2
cfi=(9)
cfn=(18)
calls=1 26 
* 63
* 1
+2 1
-2 1
+2 1
+7 4
+35 2
+1 15
cfn=(124) open_path
calls=1 2168 
* 730
* 3
+6 6
691 1
2454 1
691 2
2530 2
-95 4
+21 2
+6 4
+2 3
+4 2
cfi=(35)
cfn=(130)
calls=1 182 
* 1164
+2 1
-2 1
+2 1
+4 3
+8 2
+22 9
cfn=(126)
calls=1 1871 
* 529
+3 3
161 3
cfi=(9)
cfn=(18)
calls=1 26 
* 81
* 1
+1 2
cfi=(15)
cfn=(36)
calls=1 -69 
* 34
* 1
+2 3
+3 4
cfi=(16)
cfn=(42)
calls=1 61 
* 82
2510 1
-1 1
+1 2
-74 7
691 1
2437 1
691 2
2415 1
+8 3
-7 3
-1 1
+8 8
-3 3
691 1
2421 1
691 2
2341 18
+3 2
+2 2
-1 4
+1 2
cfi=(17)
cfn=(50)
calls=2 131 
* 21
* 4

fn=(108)
923 24
+11 2
-11 2
+11 2
-11 4
+11 2
cfi=(28) /build/buildd/eglibc-2.19/elf/dl-debug.c
cfn=(84) _dl_debug_initialize
calls=2 50 
* 16
+4 6
-4 2
+4 2
cfi=(32)
cfn=(112)
calls=2 34 
* 20
* 4
+11 14
+1 6
-1 15
+1 20
+17 4
+25 4
+10 4
+22 8
+32 4
935 2
1059 14
cfi=(13)
cfn=(28)
calls=2 61 
* 1021
+1 2
-1 2
+1 2
+11 4
+5 2
-5 2
+1 4
+1 2
+2 2
-2 2
+2 8
+1 6
+1 2
+24 4
+8 2
-8 18
+8 2
-8 2
+8 2
+89 2
-95 2
-1 2
+96 2
1092 2
1198 4
+8 10
-96 32
-1 136
+1 104
+6 4
+1 6
+1 2
+3 2
+1 1
+5 20
+6 8
+1 4
-1 16
+8 4
+2 8
-2 4
+1 4
+4 4
-5 8
+1 8
+1 4
+1 4
+3 4
+4 4
-9 4
+2 4
+1 4
+1 4
+1 4
+4 4
+1 6
+5 4
-16 2
+16 10
+10 2
-10 4
-16 2
+16 10
+10 2
+3 3
+5 1
-1 1
+3 1
-1 1
-1 1
+1 1
+3 3
+1 2
+3 2
+4 4
+6 1
cfi=(36)
cfn=(136)
calls=1 50 
* 8
* 2
+1 1
+60 4
+1 6
+1 2
-6 4
+1 8
+8 6
+13 16
+2 4
+14 2
+5 12
cfi=(25)
cfn=(68)
calls=2 81 
* 12
+4 2
-4 2
+4 2
+7 2
+1 2
-1 2
+1 2
+2 2
-3 2
+1 2
+2 2
+10 2
+2 2
+33 12
+1 6
+2 8
+8 16
+6 2
+2 2
-2 2
+1 2
+2 2
-1 2
+1 2
-1 6
+8 4
+3 4
+11 14
cfi=(26)
cfn=(70)
calls=2 30 
* 1908
+1 10
+5 4
+15 4
-74 20
+2 8
+2 16
cfi=(25)
cfn=(68)
calls=2 81 
* 12
* 4
-30 2
-1 10
cfi=(25)
cfn=(114)
calls=2 81 
* 10
* 2
1072 2
1418 8
+9 4
fi=(3) /build/buildd/eglibc-2.19/elf/get-dynamic-info.h
38 2
fe=(21)
1427 2
fi=(3)
38 2
+6 2
-2 2
+2 4
+7 2
+5 2
+3 2
-1 2
-3 2
-3 36
+10 8
-18 24
+8 35
+10 35
-18 105
+18 2
-18 6
+2 90
+5 40
+2 8
+16 4
+20 7
+1 8
+1 8
+1 8
+2 8
+5 8
+1 7
+1 8
+6 6
+5 4
+7 4
+1 6
+16 6
+5 1
+2 1
-2 1
+2 1
+2 2
+2 2
+3 6
+10 1
-8 2
+9 2
-1 1
+5 2
+3 4
fe=(21)
1433 4
+16 6
+19 4
+2 10
+55 6
+1 2
+3 2
cfi=(23)
cfn=(118)
calls=1 81 
* 5
* 2
cfi=(23)
cfn=(118)
calls=1 81 
* 5
* 4
+8 10
+3 6
+2 2
-2 2
+2 2
+16 4
cfi=(6) /build/buildd/eglibc-2.19/elf/dl-lookup.c
cfn=(10) _dl_setup_hash
calls=2 859 
* 50
+4 4
+1 4
+17 4
+1 1
+3 1
+5 1
-5 1
+1 2
+4 1
-5 1
+5 1
-5 1
+1 2
+4 1
+10 6
cfi=(13)
cfn=(44)
calls=2 32 
* 84
+4 8
+20 16
fi=(3)
56 8
+3 8
+1 2
+1 8
fe=(21)
1356 5
+2 1
-1 3
+1 2
-1 1
+1 2
-1 2
+3 4
+43 8
cfi=(25)
cfn=(68)
calls=1 81 
* 6
+3 2
1537 4
474 2

fn=(78)
415 16
+10 6
cfi=(27)
cfn=(72)
calls=2 24 
* 70
* 4
161 4
cfi=(9)
cfn=(18)
calls=2 26 
* 125
* 2
+1 4
cfi=(15)
cfn=(36)
calls=2 -69 
* 68
* 2
+2 4
+3 6
440 10
167 2
cfi=(16)
cfn=(42)
calls=2 61 
* 78

fn=(124)
2168 8
+1 1
-1 5
+7 1
-7 1
+1 1
+6 1
+5 2
-7 1
+7 1
-8 1
+8 3
+74 1
-74 1
+74 1
-22 2
-52 1
+52 3
-40 1
-9 1
+9 1
+7 4
cfi=(24)
cfn=(66)
calls=1 61 
* 31
+1 1
-1 1
+1 3
-13 2
+33 8
-20 3
+3 8
+4 32
cfi=(24)
cfn=(66)
calls=4 61 
* 85
* 16
cfi=(24)
cfn=(66)
calls=4 61 
* 92
* 4
+3 4
+3 8
+3 24
cfn=(126)
calls=4 1871 
* 156
* 4
+2 12
+7 8
+1 36
+6 8
+2 12
-2 4
+2 4
cfi=(34)
cfn=(128)
calls=4 34 
* 49
* 8
+1 1
+2 1
-2 1
+2 8
+7 2
-44 2
+37 6
+7 6
-44 7
+85 5
+7 1
-2 1
+2 3
+3 3
-13 1
+27 11
-72 6

fn=(60) _dl_init_paths
714 1
+13 2
-13 8
+13 3
cfi=(22) /build/buildd/eglibc-2.19/elf/dl-hwcaps.c
cfn=(62) _dl_important_hwcaps
calls=1 39 
* 351
+5 1
-5 1
+5 1
cfi=(15)
cfn=(36)
calls=1 93 
* 34
* 1
+1 1
-1 1
-1 1
+2 1
+8 1
-1 1
+1 4
-1 4
+5 2
cfi=(15)
cfn=(36)
calls=1 93 
* 55
* 1
+2 1
-3 1
+3 2
+29 1
-12 1
-10 1
+11 1
+3 2
+8 1
-12 1
+3 2
-14 1
+9 1
+5 3
+9 2
-7 27
cfi=(26)
cfn=(70)
calls=4 30 
* 88
+7 16
-12 3
+12 6
-14 3
+3 6
-1 3
+3 3
-5 3
+6 12
+4 3
-3 3
+3 6
-3 3
-7 6
+25 1
-11 1
+6 1
+1 1
+5 2
+2 4
+2 3
+38 4
+8 3
cfi=(27)
cfn=(72)
calls=1 24 
* 23
* 2
+2 2
cfi=(9)
cfn=(18)
calls=1 26 
* 61
* 8
cfi=(16)
cfn=(42)
calls=1 61 
* 31
* 1
+17 3
-1 2
+3 1
+1 3
+1 1
-4 3
+2 13
+1 39
+1 13
-4 40
+8 1
cfi=(15)
cfn=(36)
calls=1 93 
* 34
* 1
+1 1
-2 1
+2 1
+6 8
cfn=(74) fillin_rpath
calls=1 486 
* 681
+4 3
+6 1
+4 8
-75 1
-2 1
+2 2
+14 2

fn=(74)
486 8
+2 1
-2 9
+5 1
cfi=(15)
cfn=(76) strsep
calls=1 338 
* 237
* 3
+4 4
cfn=(78)
calls=1 -80 
* 162
+2 1
-2 1
+2 1
cfi=(9)
cfn=(18)
calls=1 26 
* 44
+4 1
-4 1
+4 1
+7 6
+34 2
+4 3
+1 3
-1 1
+1 1
-2 1
cfi=(15)
cfn=(36)
calls=1 93 
* 34
* 1
+3 1
-3 1
+3 3
+5 1
+1 3
-2 1
+2 1
cfi=(24)
cfn=(66)
calls=1 61 
* 31
+3 1
-3 1
+3 1
-2 1
+2 1
+6 4
+1 14
+1 10
+3 1
-1 2
+1 1
+7 1
+1 1
-1 1
+4 3
+2 2
cfi=(15)
cfn=(82) free
calls=1 121 
* 6
* 1
* 2
-90 1
cfi=(15)
cfn=(76)
calls=1 338 
* 6
* 2
+94 1
+3 9
-65 18
+1 8
-16 2
+5 2
+3 5
+26 2
+31 2

fl=(7) /build/buildd/eglibc-2.19/elf/../elf/dl-sysdep.c
fn=(194) _dl_sysdep_start_cleanup
256 1

fn=(12) _dl_sysdep_start
86 7
+25 1
-1 1
+1 1
-25 1
+25 204
+6 1
-3 1
+1 1
-4 1
+3 1
+3 4
+1 6
-1 3
-29 1
-1 2
+31 105
-1 82
fi=(19)
-82 2
cfi=(8)
cfn=(14)
calls=1 -4 
* 12
fi=(5) /build/buildd/eglibc-2.19/elf/../sysdeps/x86_64/dl-machine.h
200 5
fe=(7)
+34 2
cfi=(10)
cfn=(20)
calls=1 34 
* 17
* 3
+12 3
+3 6
cfi=(2)
cfn=(22) dl_main
calls=1 891 
* 96296
+1 1
+1 8
151 1
+1 1
+27 1
+1 1
-17 1
+1 1
-7 1
+1 1
-4 1
+1 1
-25 1
+1 1
-4 1
+1 1
-7 1
+1 1
+2 1
+1 1
232 1
cfi=(9)
cfn=(18)
calls=1 26 
* 42
* 2

fl=(22)
fn=(62)
39 8
+3 1
-1 1
+1 1
+9 1
-12 3
+3 1
-3 1
+3 1
+9 2
+10 4
+31 2
+23 3
cfi=(23)
cfn=(64)
calls=1 -34 
* 9
* 2
-2 1
+17 6
+3 2
+29 2
+8 2
+2 4
+1 4
+4 2
+4 1
-3 1
-1 1
+4 1
+3 2
+4 5
+1 1
-1 7
+1 1
+18 12
+1 4
cfi=(15)
cfn=(36)
calls=1 93 
* 34
* 1
+1 1
-1 1
+1 3
+29 1
+3 1
-3 2
+3 1
+28 9
+1 2
-1 2
+1 6
-1 8
+5 6
+3 1
-3 1
+3 2
-3 1
+3 1
-3 2
+3 1
-3 1
+3 2
-3 1
+3 3
+1 12
+1 4
-1 4
+1 8
-2 4
+1 8
-1 14
+4 4
+3 1
+2 2
-1 1
-1 2
+2 10
+13 2
+1 1
-1 1
+3 2
-3 2
+1 1
-1 1
+3 2
+3 3
+3 1
-1 1
+1 7
145 2
-14 2
243 3
cfi=(24)
cfn=(66)
calls=1 61 
* 22
+1 2
-1 2
+1 1
cfi=(24)
cfn=(66)
calls=1 61 
* 22
* 4

fl=(15)
fn=(40)
51 88
+1 108
+11 21
+1 21
-1 21
+3 21
-3 21
+3 42
-3 1
+1 1
-1 1
+3 1
-3 1
+3 78
+4 12
+1 9
+6 21
cfi=(25)
cfn=(68)
calls=3 +4 
* 18
+2 15
+4 9
+3 3
+1 3
+2 15
-3 19
+1 19
+2 152
-31 3
+1 1
-2 3

fn=(76)
338 8
+2 4
+1 8
+4 132
+7 366
-2 244
+10 61
-15 185
+18 2
+4 4

fn=(82)
121 1
-2 2
+2 1
+7 2

fn=(32)
102 8
+7 24
-3 8
+3 16
+4 8
cfn=(36)
calls=8 -20 
* 298
* 8

fn=(36)
93 21
+1 42
cfn=(40)
calls=21 -43 
* 677
* 21

fl=(28)
fn=(84)
50 8
+5 6
+5 2
-1 1
+1 2
+1 2
-1 2
-9 4
+4 8
+4 1
-1 1
-58 4

fn=(86) _dl_debug_state
74 2

fl=(24)
fn=(66)
61 15
+4 15
+3 14
+1 14
+2 5
+1 5
+2 5
+1 5
+5 5
+1 5
-1 9
+1 9
+2 10
+1 10
+2 10
+1 10
+5 10
+1 10
-1 4
+1 4
+2 5
+1 5
+2 5
+1 5
+5 5
+1 5
-1 9
+1 9
+2 7
+1 7
+2 7
+1 14
+5 7
+1 7
-1 7
+1 9
+5 2
+1 2
+1 2
+1 2
+2 2
+2 2
+1 2
+2 2
+6 14
+4 14
+12 2
+2 2
+1 2
+26 2
+1 2
+3 2
+1 2
+1 2
+5 2
+2 2
+1 2
+1 2
+1 2
+2 2
+1 2
+1 2
+1 2
+2 2
+1 2
+2 2
+22 2
+2 2
+2 1
+7 1

fl=(2)
fn=(48)
844 10

fn=(148) init_tls
724 1
-1 1
-6 1
+2 2
+4 1
+10 4
cfi=(15)
cfn=(32)
calls=1 102 
* 43
* 1
+11 1
-15 1
+3 1
+6 1
+2 1
-11 1
+15 1
+2 1
-1 1
+1 10
+2 8
+4 1
+2 1
-2 2
-5 8
+9 3
+3 1
cfi=(36)
cfn=(150)
calls=1 112 
* 73
+7 1
cfi=(36)
cfn=(152)
calls=1 328 
* 428
+1 1
-1 1
+1 1
+6 1
+8 1
-8 1
+8 6
+4 1
+2 1
+1 2

fn=(2)
362 9
+18 4
fi=(3)
44 1
fe=(2)
380 1
fi=(5)
58 3
fi=(3)
-14 1
fe=(2)
409 1
-3 1
fi=(3)
44 1
+17 2
-3 1
-7 1
+5 1
+3 1
+2 1
-3 1
-3 1
-3 2
-5 26
+15 13
-18 39
+18 1
-18 3
+2 36
+5 20
+1 16
+10 4
-18 12
+25 2
+20 4
+1 4
+1 4
+1 4
+2 4
+5 4
+1 4
+1 4
+6 3
+5 2
+7 3
+1 3
+8 3
+2 3
+3 2
+1 2
fe=(2)
537 2
+7 1
285 2
+12 2
cfi=(6)
cfn=(10)
calls=1 859 
* 25
+1 2
+1 2
+1 2
+1 2
+21 1
+10 1
-10 3
+10 1
-6 1
-4 1
+10 1
cfi=(7)
cfn=(12)
calls=1 86 
* 96841
* 1
+9 4
+3 1
+4 1
-4 1
+4 1
569 9
fi=(3)
53 4
+3 4
fe=(2)
542 34
fi=(4) /build/buildd/eglibc-2.19/elf/do-rel.h
84 1
+27 1
-28 1
+28 2
+1 2
fi=(5)
492 2
fi=(4)
112 18
fi=(5)
492 18
+1 20
fi=(4)
111 20
fi=(5)
493 10
fi=(4)
111 10
+5 2
+8 1
fi=(5)
287 1
fi=(4)
124 2
+13 1
+2 2
-2 1
fi=(5)
241 1
fi=(4)
137 1
fi=(5)
269 1
fi=(4)
137 2
fi=(5)
269 1
fi=(4)
137 8
+2 16
-2 8
fi=(5)
241 8
fi=(4)
137 8
fi=(5)
269 8
fi=(4)
137 16
fi=(5)
269 8
+9 18
+3 9
-3 18
+3 27
+6 54
fi=(3)
59 4
+1 1
+1 2
fe=(2)
285 73
fi=(5)
391 9
+9 9
fi=(4)
124 28
fe=(2)

fn=(88) do_preload
804 1
+12 1
-12 5
+10 1
-4 1
+1 1
+5 4
-10 1
+6 1
+4 1
cfi=(29)
cfn=(90)
calls=1 163 
* 2519
+1 3
+8 3
+6 5

fn=(154) security_init
851 2
+2 1
fi=(38) /build/buildd/eglibc-2.19/elf/../sysdeps/unix/sysv/linux/dl-osinfo.h
61 2
+23 2
+2 1
+7 1
fe=(2)
855 1
+6 2
+2 1
fi=(38)
101 2
+11 1
fe=(2)
866 1
+2 1
+6 1
+1 3

fn=(22)
891 1
+19 1
-19 9
+19 1
+3 1
2492 1
891 1
2492 1
913 1
+4 1
-26 1
+26 1
+1 2
+5 2
2485 2
+7 1
-4 1
+4 1
-5 1
+5 9
+2 2
cfi=(11)
cfn=(24)
calls=1 30 
* 74
* 4
cfi=(11)
cfn=(24)
calls=2 30 
* 354
* 9
+4 48
+1 19
-1 57
+3 4
+6 16
+76 4
cfi=(12)
cfn=(26)
calls=1 315 
* 120
* 2
+2 3
-55 4
cfi=(12)
cfn=(26)
calls=1 315 
* 26
* 2
2660 3
+33 3
933 4
1132 7
cfi=(13)
cfn=(28)
calls=1 61 
* 248
+2 1
-2 1
+2 1
+1 1
+1 1
+5 2
-5 1
+1 3
+4 1
cfi=(13)
cfn=(44)
calls=1 32 
* 34
+1 2
900 1
1171 1
-3 1
-5 1
+1 1
+2 1
+5 6
+56 2
897 1
1227 2
-55 24
-1 27
+1 47
-1 2
1274 3
+3 2
+2 2
+2 2
+13 3
+1 8
cfi=(17)
cfn=(50)
calls=1 131 
* 7
* 3
+7 1
+3 1
-5 1
+3 1
+2 1
+1 2
+4 2
+2 2
fi=(3)
29 1
+9 2
+6 1
-2 1
+2 2
+7 1
+5 1
+3 1
+2 1
-3 1
-3 1
-3 14
+10 3
-18 9
+8 19
+10 19
-18 57
+18 1
-18 3
+2 46
+5 16
+2 4
+16 3
+38 3
+5 2
+7 2
+1 3
+16 3
+14 3
+18 2
fe=(2)
1317 2
cfi=(6)
cfn=(10)
calls=1 859 
* 25
+3 4
fi=(18) /build/buildd/eglibc-2.19/elf/setup-vdso.h
24 2
fe=(2)
1342 1
cfi=(19)
cfn=(56)
calls=1 45 
* 93
* 8
1176 3
+1 1
+90 2
+1 2
+1 1
-6 2
+1 1
-37 2
-1 2
+1 4
-1 2
+2 4
+1 1
+3 2
+1 2
-1 2
+1 2
+1 2
+1 6
+1 2
-43 1
-2 2
+27 1
-25 1
+7 2
-10 1
+10 1
-19 3
+1 1
fi=(3)
56 4
+3 4
+1 1
+1 3
fe=(2)
2537 4
cfi=(12)
cfn=(26)
calls=1 315 
* 80
* 2
+2 3
1347 2
cfi=(21)
cfn=(60)
calls=1 714 
* 1699
+3 3
cfi=(28)
cfn=(84)
calls=1 50 
* 17
+7 1
-7 1
+2 1
+5 1
+3 3
+1 1
+3 1
-3 3
+1 2
+3 1
+5 1
-7 1
+7 1
+1 5
+4 1
+4 1
-2 4
+1 2
+1 3
+5 2
+1 6
+2 2
+1 2
+5 2
+5 3
906 1
1579 3
+3 2
+4 3
+5 2
+1 1
cfi=(28)
cfn=(86)
calls=1 74 
* 1
+5 3
+15 3
+4 3
+31 3
cfi=(23)
cfn=(64)
calls=1 81 
* 9
* 2
+77 4
+17 3
+1 1
-1 1
+1 2
-1 1
+1 5
cfi=(33)
cfn=(120)
calls=1 147 
* 8312
+1 1
+5 1
-5 3
+2 2
+3 4
+1 4
-1 2
+1 12
-1 6
+4 3
+1 3
+1 1
+2 2
+1 5
-1 4
+1 4
-1 6
-28 1
+1 1
-1 7
+4 1
+1 1
-1 1
+2 2
+1 2
+35 1
-1 2
+1 1
+2 1
+2 3
+2 1
-4 2
+5 1
-1 2
+14 2
+1 2
+1 3
+12 1
+1 1
-2 1
+2 1
-2 1
+2 1
-2 1
+2 1
-2 1
+2 1
cfi=(29)
cfn=(138)
calls=1 205 
* 3159
+10 1
+1 1
-1 1
+1 1
+1 1
cfn=(148)
calls=1 724 
* 615
* 1
+2 2
+3 1
cfn=(154)
calls=1 851 
* 22
+2 2
2054 3
+56 1
+4 1
+7 1
-11 1
+4 3
+4 2
+3 1
+8 2
+95 4
+1 1
+5 2
cfi=(36)
cfn=(192)
calls=1 376 
* 275
+4 2
+14 3
+2 2
+29 1
cfi=(7)
cfn=(194)
calls=1 256 
* 1
+4 3
+20 3
cfi=(28)
cfn=(84)
calls=1 50 
* 8
+1 1
+1 1
cfi=(28)
cfn=(86)
calls=1 74 
* 1
+5 1
cfi=(35)
cfn=(196)
calls=1 309 
* 15
+5 8
-65 2
+15 1
+3 1
-3 1
+3 1
-3 2
+3 2
-3 1
+2 1
+1 1
cfi=(39) /build/buildd/eglibc-2.19/elf/dl-reloc.c
cfn=(158) _dl_relocate_object
calls=1 154 
* 6295
+1 4
+2 3
-96 3
+7 1
+2 11
+2 1
+2 12
+5 8
+2 8
+8 4
-2 4
+2 8
+1 24
cfi=(39)
cfn=(158)
calls=3 154 
* 70112
+4 14
-22 12
+25 4
+2 1
+6 1
-6 1
+6 1
-22 1
+1 1
-3 2
+14 2
cfi=(36)
cfn=(190)
calls=1 831 
* 20
* 1
-69 1
899 2
1767 2
+21 3
1623 2
cfi=(9)
cfn=(18)
calls=1 26 
* 95
* 8
cfi=(16)
cfn=(42)
calls=1 61 
* 72
* 1
+3 5
-12 1
+12 1
+3 3
cfi=(15)
cfn=(76)
calls=1 338 
* 765
* 3
cfi=(15)
cfn=(76)
calls=1 338 
* 6
* 6
+1 2
+1 3
+2 4
cfn=(88)
calls=1 804 
* 2547
* 2
1336 3
1635 1
+1 1
-1 3
+1 1
+1 3

fn=(46)
838 10

fn=(140)
657 2
+2 4
cfi=(37)
cfn=(142)
calls=1 380 
* 3119
* 2
+4 2

fn=(92)
798 8

fn=(96)
625 2
+2 7
cfi=(21)
cfn=(98)
calls=1 2317 
* 2446
* 1
+2 2

fl=(17)
fn=(50)
131 261
+1 261
+1 261
+1 146
+1 146
+1 146
+1 146
cfn=(51) strcmp'2
calls=146 -6 
* 10490
+5 115
+1 115
+1 115
+1 115

fn=(51)
131 1460
+1 1460
+1 1460
+1 1449
+1 1449
+1 1449
+1 1449
cfn=(51)
calls=1314 -6 
* 56024
+2 135
+1 135
+2 11
+1 11
+1 11
+1 11

fl=(6)
fn=(168) check_match.9458
131 686
+1 196
+2 196
+2 294
-2 196
+12 294
+3 316
cfi=(17)
cfn=(50)
calls=30 -18 
* 2174
* 60
+5 98
-1 98
+1 98
-1 98
+1 98
+2 192
+19 192
+1 768
+46 686
-18 4
+2 4
+1 6
-1 4
+1 2
-1 4
-29 288
cfi=(17)
cfn=(50)
calls=96 -46 
* 8319
* 192

fn=(10)
859 12
+4 4
+4 8
+2 4
-1 4
+3 12
+1 4
+1 8
+3 4
-1 4
-2 4
+3 4
+4 8
-2 4
+1 4
+1 8
+1 4

fn=(164) _dl_lookup_symbol_x
714 1248
476 104
714 208
476 312
-1 208
+2 104
-1 104
+1 312
-1 312
+1 1220
-1 1220
+1 3660
-1 3868
716 104
+4 104
+4 104
-8 104
+1 208
+7 296
+5 104
+2 208
-2 104
+6 832
+2 1352
cfn=(166) do_lookup_x
calls=104 82 
* 42678
+3 208
+3 6
-8 24
-7 208
+38 208
+22 98
+1 686
+26 98
+9 490
+14 294
+3 392
+5 98
+2 832
-9 2
-71 42
+16 6
+1 12

fn=(166)
82 936
+1 104
-6 104
+5 312
-5 728
+12 104
229 104
+3 208
-3 104
+3 208
98 104
-3 104
+1 104
+2 104
+3 104
-3 104
+3 104
-3 221
-3 221
+1 221
+2 221
+3 221
-3 221
+3 221
+4 656
+4 648
+4 648
+6 972
+4 648
+1 972
225 324
+1 648
+4 648
-2 324
+5 1296
+4 648
-1 648
+1 324
-1 648
+21 226
+24 452
461 1272
+1 235
cfi=(31)
cfn=(100)
calls=47 288 
* 1969
* 282
+3 681
+3 12
286 736
+4 232
+13 98
+1 98
-1 98
+1 98
+1 98
469 832
240 412
-1 206
+2 206
+2 309
+10 291
-7 975
+2 196
+1 392
-1 196
+1 98
-1 392
+1 294
cfn=(168)
calls=98 131 
* 15563
+1 490

fl=(30)
fn=(94)
26 3
+9 3
+1 6
+1 3
+4 3
+1 3
+1 3
+1 3
+1 3
+2 6
+2 3
+1 3
+3 6
+2 3
+4 3
+1 3

fl=(39)
fn=(158)
154 40
+15 4
-15 8
+15 4
+1 16
+6 8
+6 12
-18 8
+22 8
+7 8
-32 4
+77 4
fi=(5)
71 4
fe=(39)
238 8
fi=(5)
71 12
fe=(39)
264 180
-99 15
fi=(5)
276 24
fe=(39)
-12 3
fi=(4)
48 3
fe=(39)
264 3
fi=(4)
58 3
fe=(39)
264 3
fi=(4)
47 6
+11 6
fe=(39)
264 1
-99 5
fi=(5)
276 8
fe=(39)
-12 1
fi=(4)
48 1
fe=(39)
264 1
fi=(4)
58 1
fe=(39)
264 1
fi=(4)
47 2
+11 2
fe=(39)
264 4
fi=(4)
48 4
fe=(39)
264 4
fi=(4)
58 4
fe=(39)
264 4
fi=(4)
47 8
+11 8
+3 12
fi=(5)
503 54
+4 54
+2 81
+1 27
fi=(4)
61 93
+2 96
+2 17
-4 3
+13 6
+1 5
+1 10
fi=(5)
503 5
+24 5
fi=(4)
75 5
fi=(5)
527 5
+2 5
cob=(3)
cfi=(46)
cfn=(186)
calls=1 49 
* 13
cob=(3)
cfi=(45)
cfn=(182)
calls=1 31 
* 68
cob=(3)
cfi=(40)
cfn=(180)
calls=1 140 
* 6
cob=(3)
cfi=(42)
cfn=(174)
calls=1 37 
* 68
cob=(3)
cfi=(40)
cfn=(170)
calls=1 114 
* 100
fi=(4)
75 5
fi=(5)
530 5
fi=(4)
75 7
fe=(39)
264 3
fi=(4)
75 7
fe=(39)
264 21
+3 12
+28 4
+3 8
+17 12
+2 32
fi=(4)
84 5
+2 10
+12 5
-15 5
+15 5
-15 5
+15 5
+10 6
+3 8
fi=(5)
487 2
fi=(4)
112 4
fi=(5)
487 1196
fi=(4)
112 2384
fi=(5)
487 2384
+5 2388
+1 2388
fi=(4)
111 2388
fi=(5)
493 1194
fi=(4)
111 1194
+7 15
+3 4
+3 4
-3 4
+3 4
fi=(5)
422 3
fi=(4)
50 3
fi=(5)
422 3
fi=(4)
51 3
fi=(5)
422 12
fi=(4)
127 384
+9 192
+3 192
fi=(5)
244 96
fi=(4)
138 96
-2 96
+1 384
fi=(5)
244 96
+21 192
+4 192
+7 1827
fi=(4)
137 76
+1 76
fi=(5)
276 152
fi=(4)
137 76
fi=(5)
276 252
fi=(4)
137 6
+1 6
fi=(5)
276 12
fi=(4)
137 6
fi=(5)
276 1084
cfi=(6)
cfn=(164)
calls=82 714 
* 48248
* 410
+2 255
+3 94
-3 188
+3 282
+6 672
fe=(39)
183 8
+81 5
fi=(5)
77 6
+4 9
+14 3
-8 3
+8 6
+13 6
+3 12
410 252
fi=(4)
124 300
+19 6
fi=(5)
276 33
382 30
+4 50
+5 50
-71 2
+1 3
449 3
+4 6
cfi=(16)
cfn=(42)
calls=1 61 
* 18
+2 3
+1 1
fi=(4)
108 3
fe=(39)
323 8
+1 4
+1 4
-1 4
-1 8
+2 4
+3 8
+1 12
cfi=(25)
cfn=(114)
calls=4 81 
* 20
* 8
fi=(4)
160 8
+2 20
+8 10
+1 5
-1 5
+1 5
fi=(5)
+73 5
fi=(4)
-74 10
fi=(5)
+74 5
+21 10
+4 10
+7 135
cfi=(6)
cfn=(164)
calls=5 714 
* 2504
* 20
+2 15
+3 1
-3 2
+3 3
+6 35
410 15
fi=(4)
160 15
+14 5
fi=(5)
276 86
fe=(39)

fl=(27)
fn=(72)
24 7
+1 7
+1 7
+1 7
+1 7
+1 7
+1 7
+1 7
+1 7
+1 7
+1 7
+1 7
+1 7
+1 7
+1 7
+1 7
+1 7
+1 5
+4 5
+1 5
+1 5
+1 5
+2 5
+4 2
+1 2
+1 2
+1 2
+1 2
+1 2
+1 2
+1 2
+1 2
+1 2
+1 2
+1 2
+1 2
+1 2
+1 2
+1 2
+1 2
+1 2
+1 2
+1 2
+1 2
+1 2
+1 2
+1 2
+52 2
+4 2
+1 2
+1 2
+1 2
+2 2

fl=(61)
fn=(252)
66 34
+6 34
-6 51
+3 17
-1 17
+1 17
+3 17
+1 17
-1 34
+1 85
+1 17
-1 17
+1 34
+5 34
+4 34
+4 51
+4 32
+1 64
+2 64
+7 51
-1 17
+8 34
+3 153
cfi=(6)
cfn=(164)
calls=17 714 
* 12030
* 17
+4 51
+4 68
+6 102
+16 17
-8 17
+8 51
+4 51
fi=(5)
+65 17
fe=(61)
-61 85
-64 2
fi=(89) /build/buildd/eglibc-2.19/elf/../sysdeps/x86_64/dl-irel.h
-53 3
cob=(3)
cfi=(46)
cfn=(186)
calls=1 +17 
* 13
cob=(3)
cfi=(106)
cfn=(508)
calls=1 -3 
* 8
cob=(3)
cfi=(90)
cfn=(412)
calls=1 * 
* 7
* 6
fe=(61)

ob=(5)
fl=(59)
fn=(416) pol_inv_mod2
0 16
cob=(3)
cfi=(76)
cfn=(354)
calls=1 2876 
0 177
0 1
0 13
cob=(3)
cfi=(85)
cfn=(386)
calls=1 53 
0 191
0 1
0 1408390
cfn=(418) shred
calls=1 0 
0 8043
0 2
cob=(3)
cfi=(76)
cfn=(424)
calls=1 2917 
0 107
cob=(1)
cfi=(60)
cfn=(250)
calls=1 34 
0 745
0 5
0 11

fn=(428) pol_mul_coefficients
0 288
cfn=(430) karatsuba
calls=16 0 
0 7347728
0 95596

fn=(430)
0 30624
cfn=(431) karatsuba'2
calls=16 0 
0 2412224
0 128
cfn=(431)
calls=16 0 
0 2412224
0 46832
cfn=(431)
calls=16 0 
0 2412224
0 33472

fn=(431)
0 6645744
cfn=(431)
calls=624 0 
0 6761472
0 4992
cfn=(431)
calls=624 0 
0 6761472
0 341328
cfn=(431)
calls=624 0 
0 6761472
0 244608

fn=(444) pack_public_key
0 26
cfn=(446) int64_elements_2_octets
calls=1 0 
0 19373
0 10
cfn=(448) crypto_hash_sha512
calls=1 0 
0 32735
0 5

fn=(268) 0x00000000004009e0
0 15

fn=(282)
0 6
cfn=(284) bench_param_set
calls=1 0 
0 16269430
0 2
cfn=(562) rng_cleanup
calls=1 0 
0 4
0 2
cob=(3)
cfi=(112)
cfn=(568)
calls=1 104 
0 2613
cob=(1)
cfi=(60)
cfn=(250)
calls=1 34 
0 745
0 5

fn=(418)
0 338514

fn=(440) int64_trits_2_bits
0 5274

fn=(448)
0 3015
cfn=(450) crypto_hashblocks_sha512
calls=9 0 
0 53438
0 9201
cfn=(450)
calls=9 0 
0 38178
0 9

fn=(452) load_bigendian
0 11408

fn=(516) octets_2_int64_elements
0 51290

fn=(584)
0 5
cfn=(588) 0x0000000000400950
calls=1 0 
0 8
0 3

fn=(286) rng_init
0 4
cfn=(288) fastrandombytes
calls=1 0 
0 104188
0 4

fn=(288)
0 104
cfn=(308) crypto_stream
calls=8 0 
0 820136
0 915
cfn=(290) randombytes
calls=1 0 
0 1539
0 2

fn=(312) pq_get_param_set_by_id
0 9

fn=(398) pol_gen_product
0 484
cfn=(400) rng_uint16
calls=88 0 
0 1584
0 804

fn=(434) zz_inv_mod
0 22180

fn=(514) unpack_public_key
0 24
cfn=(500) get_blob_params
calls=2 0 
0 122
0 32
cfn=(516)
calls=2 0 
0 34760
0 12

fn=(546) parse_4_bits_pol
0 36
cob=(3)
cfi=(85)
cfn=(386)
calls=2 53 
0 74
0 2
0 8
cob=(3)
cfi=(85)
cfn=(386)
calls=2 53 
0 74
0 2
0 14627

fn=(556) pack_signature
0 18
cfn=(446)
calls=1 0 
0 18323
0 3

fn=(436) pack_private_key
0 45
cfn=(438) int16_elements_2_octets
calls=1 0 
0 1152
0 16
cfn=(438)
calls=1 0 
0 1152
0 20
cfn=(440)
calls=1 0 
0 5274
0 9

fn=(446)
0 37696

fn=(522) pq_sign_pp
0 23
cfn=(500)
calls=1 0 
0 61
0 41
cob=(3)
cfi=(76)
cfn=(354)
calls=1 2876 
0 178
0 1
0 8
cob=(3)
cfi=(85)
cfn=(386)
calls=1 53 
0 2676
0 1
0 40
cfn=(524) unpack_private_key
calls=1 0 
0 4557
0 8
cfn=(530) challenge
calls=1 0 
0 44241
0 8
cob=(3)
cfi=(108)
cfn=(538)
calls=1 26 
0 47
cob=(1)
cfi=(60)
cfn=(250)
calls=1 34 
0 737
0 5
0 1
cob=(3)
cfi=(108)
cfn=(538)
calls=1 26 
0 47
0 1
0 28
cob=(3)
cfi=(91)
cfn=(414)
calls=2 25 
0 1172
0 2
0 18
cob=(3)
cfi=(91)
cfn=(414)
calls=2 25 
0 1172
0 2
0 30
cfn=(442) cmod
calls=2 0 
0 32
0 7200
cfn=(442)
calls=800 0 
0 13594
0 3224
cfn=(544) pol_mul_mod_p
calls=2 0 
0 308660
0 22
cfn=(402) pol_mul_product
calls=2 0 
0 321630
0 14450
cfn=(442)
calls=802 0 
0 13596
0 12858
cfn=(402)
calls=2 0 
0 318524
0 15254
cfn=(442)
calls=802 0 
0 13642
0 21278
cfn=(556)
calls=1 0 
0 18344
0 4
cfn=(418)
calls=1 0 
0 121373
0 2
cob=(3)
cfi=(76)
cfn=(424)
calls=1 2917 
0 117
0 1
0 9

fn=(530)
0 32
cfn=(500)
calls=2 0 
0 122
0 14
cfn=(532) get_digest_ptr
calls=2 0 
0 28
0 16
cfn=(448)
calls=2 0 
0 27202
0 44
cfn=(448)
calls=2 0 
0 19560
0 17108
cfn=(448)
calls=4 0 
0 24344
0 12

fn=(560) unpack_signature
0 20
cfn=(516)
calls=1 0 
0 16530
0 3

fn=(400)
0 1584

fn=(404) pol_mul_indices
0 864
cob=(3)
cfi=(85)
cfn=(386)
calls=36 53 
0 13176
0 36
0 1865668
cob=(3)
cfi=(91)
cfn=(414)
calls=24 25 
0 14064
cob=(1)
cfi=(60)
cfn=(250)
calls=1 34 
0 770
0 28
0 96

fn=(438)
0 2304

fn=(518) pol_unidrnd_pZ
0 16360
cfn=(520) rng_uint64
calls=4010 0 
0 959087
0 44190

fn=(524)
0 46
cfn=(526) octets_2_int16_elements
calls=1 0 
0 992
0 15
cfn=(526)
calls=1 0 
0 992
0 20
cfn=(528) bits_2_int64_trits
calls=1 0 
0 2485
0 7

fn=(562)
0 12
cfn=(418)
calls=1 0 
0 163
0 3
cfn=(418)
calls=1 0 
0 163
0 4
cfn=(418)
calls=1 0 
0 163

fn=(284)
0 48
cfn=(286)
calls=1 0 
0 104196
0 2
cfn=(312)
calls=1 0 
0 9
0 10
cob=(3)
cfi=(68)
cfn=(318)
calls=1 26 
0 1237
cob=(1)
cfi=(60)
cfn=(250)
calls=1 34 
0 872
0 5
0 6
cfn=(348) pq_gen_key
calls=1 0 
0 72
0 2
cob=(3)
cfi=(76)
cfn=(354)
calls=1 2876 
0 58907
cob=(1)
cfi=(60)
cfn=(250)
calls=1 34 
0 775
0 5
0 3
cob=(3)
cfi=(76)
cfn=(354)
calls=1 2876 
0 178
0 1
0 6
cob=(3)
cfi=(76)
cfn=(354)
calls=1 2876 
0 182
0 1
0 5
cob=(3)
cfi=(85)
cfn=(386)
calls=1 53 
0 7296
cob=(1)
cfi=(60)
cfn=(250)
calls=1 34 
0 767
0 5
0 1
cob=(3)
cfi=(86)
cfn=(392)
calls=1 29 
0 31
cob=(1)
cfi=(60)
cfn=(250)
calls=1 34 
0 752
0 5
0 8
cfn=(348)
calls=1 0 
0 8410612
0 1
cob=(3)
cfi=(86)
cfn=(392)
calls=1 29 
0 31
0 1
0 9
cob=(3)
cfi=(92)
cfn=(458)
calls=1 26 
0 3027
cob=(1)
cfi=(60)
cfn=(250)
calls=1 34 
0 857
0 5
0 9
cfn=(498) pq_sign
calls=1 0 
0 892
0 5
cob=(3)
cfi=(92)
cfn=(458)
calls=1 26 
0 893
0 1
0 2
cob=(3)
cfi=(76)
cfn=(354)
calls=1 2876 
0 178
0 1
0 38
cob=(3)
cfi=(86)
cfn=(392)
calls=1 29 
0 31
0 1
0 8
cfn=(512) pq_pre_process
calls=1 0 
0 5824879
0 1
cob=(3)
cfi=(86)
cfn=(392)
calls=1 29 
0 31
0 1
0 9
cob=(3)
cfi=(92)
cfn=(458)
calls=1 26 
0 2442
0 1
0 1
cob=(3)
cfi=(86)
cfn=(392)
calls=1 29 
0 31
0 1
0 14
cfn=(522)
calls=1 0 
0 1258919
0 2
cob=(3)
cfi=(86)
cfn=(392)
calls=1 29 
0 31
0 1
0 9
cob=(3)
cfi=(92)
cfn=(458)
calls=1 26 
0 2449
0 1
0 8
cob=(3)
cfi=(92)
cfn=(458)
calls=1 26 
0 1251
0 1
0 9
cob=(3)
cfi=(92)
cfn=(458)
calls=1 26 
0 962
0 1
0 6
cob=(3)
cfi=(92)
cfn=(458)
calls=1 26 
0 1229
0 1
0 6
cob=(3)
cfi=(92)
cfn=(458)
calls=1 26 
0 1208
0 1
0 37
cob=(3)
cfi=(86)
cfn=(392)
calls=1 29 
0 31
0 1
0 9
cfn=(558) pq_verify
calls=1 0 
0 579196
0 2
cob=(3)
cfi=(86)
cfn=(392)
calls=1 29 
0 31
0 1
0 9
cob=(3)
cfi=(92)
cfn=(458)
calls=1 26 
0 2515
0 1
0 8
cob=(3)
cfi=(92)
cfn=(458)
calls=1 26 
0 1196
0 1
0 2
cob=(3)
cfi=(76)
cfn=(424)
calls=1 2917 
0 117
0 1
0 2
cob=(3)
cfi=(76)
cfn=(424)
calls=1 2917 
0 119
0 1
0 2
cob=(3)
cfi=(76)
cfn=(424)
calls=1 2917 
0 134
0 1
0 2
cfn=(562)
calls=1 0 
0 504
0 12

fn=(348)
0 137
cob=(3)
cfi=(76)
cfn=(354)
calls=1 2876 
0 178
0 1
0 8
cob=(3)
cfi=(85)
cfn=(386)
calls=1 53 
0 2221
0 1
0 39
cfn=(398)
calls=1 0 
0 1436
0 6
cob=(3)
cfi=(85)
cfn=(386)
calls=1 53 
0 380
0 1
0 11
cfn=(402)
calls=1 0 
0 161589
0 5
cfn=(416)
calls=1 0 
0 1417702
0 24
cfn=(402)
calls=1 0 
0 160815
0 36
cfn=(402)
calls=4 0 
0 643260
0 14100
cfn=(428)
calls=5 0 
0 2326663
0 26
cfn=(398)
calls=1 0 
0 1436
0 6
cob=(3)
cfi=(85)
cfn=(386)
calls=1 53 
0 380
0 1
0 10
cfn=(402)
calls=1 0 
0 159262
0 6
cfn=(432) pol_inv_modp
calls=1 0 
0 3190926
0 13
cfn=(436)
calls=1 0 
0 7668
0 10
cfn=(402)
calls=1 0 
0 159262
0 9
cfn=(442)
calls=1 0 
0 16
0 1600
cfn=(442)
calls=400 0 
0 6812
0 1609
cfn=(444)
calls=1 0 
0 52149
0 4
cfn=(418)
calls=1 0 
0 100723
0 2
cob=(3)
cfi=(76)
cfn=(424)
calls=1 2917 
0 117
0 1
0 23

fn=(498)
0 23
cfn=(500)
calls=1 0 
0 843
0 26

fn=(520)
0 240516
cfn=(288)
calls=7 0 
0 718508
0 63

fn=(262)
0 16
cob=(2)
cfi=(14)
cfn=(264)
calls=1 0 
0 6
0 7
cfn=(268)
calls=1 0 
0 15
0 11

fn=(500)
0 104
cfn=(502) pq_get_param_set_by_oid
calls=8 0 
0 1110
0 56

fn=(502)
0 88
cob=(3)
cfi=(107)
cfn=(510)
calls=8 47 
0 152
cob=(1)
cfi=(60)
cfn=(250)
calls=1 34 
0 778
0 12
0 80

fn=(512)
0 16
cfn=(500)
calls=1 0 
0 61
0 16
cob=(3)
cfi=(76)
cfn=(354)
calls=1 2876 
0 178
0 1
0 8
cob=(3)
cfi=(85)
cfn=(386)
calls=1 53 
0 2200
0 1
0 14
cfn=(514)
calls=1 0 
0 17475
0 85
cob=(3)
cfi=(85)
cfn=(386)
calls=9 53 
0 16524
0 9
0 7
cob=(3)
cfi=(85)
cfn=(386)
calls=1 53 
0 1836
0 1
0 50
cfn=(518)
calls=10 0 
0 1019637
0 90
cfn=(428)
calls=10 0 
0 4652066
0 100
cob=(3)
cfi=(91)
cfn=(414)
calls=10 25 
0 14498
0 10
0 24
cfn=(418)
calls=1 0 
0 99843
0 2
cob=(3)
cfi=(76)
cfn=(424)
calls=1 2917 
0 117
0 1
0 9

fn=(526)
0 1984

fn=(558)
0 17
cfn=(500)
calls=1 0 
0 61
0 18
cob=(3)
cfi=(76)
cfn=(354)
calls=1 2876 
0 178
0 1
0 7
cob=(3)
cfi=(85)
cfn=(386)
calls=1 53 
0 1927
0 1
0 15
cfn=(514)
calls=1 0 
0 17475
0 7
cfn=(560)
calls=1 0 
0 16553
0 8
cfn=(530)
calls=1 0 
0 44241
0 26
cfn=(442)
calls=1 0 
0 16
0 5600
cfn=(442)
calls=400 0 
0 6780
0 6024
cfn=(428)
calls=1 0 
0 464883
0 7
cfn=(442)
calls=1 0 
0 18
0 1200
cfn=(442)
calls=400 0 
0 6782
0 7224
cob=(3)
cfi=(76)
cfn=(424)
calls=1 2917 
0 117
0 1
0 9

fn=(290)
0 21
cob=(3)
cfi=(67)
cfn=(304)
calls=1 81 
0 7
cob=(1)
cfi=(60)
cfn=(250)
calls=1 34 
0 744
0 5
0 10
cob=(3)
cfi=(67)
cfn=(296)
calls=1 81 
0 7
cob=(1)
cfi=(60)
cfn=(250)
calls=1 34 
0 736
0 5
0 4

fn=(308)
0 816
cfn=(310) crypto_core_salsa20.constprop.0
calls=8 0 
0 12264
0 2016
cfn=(310)
calls=504 0 
0 772632
0 32408

fn=(310)
0 784896

fn=(402)
0 348
cfn=(404)
calls=12 0 
0 696102
0 120
cfn=(404)
calls=12 0 
0 680824
0 132
cfn=(404)
calls=12 0 
0 517776
0 29040

fn=(442)
0 61288

fn=(528)
0 2485

fn=(532)
0 28

fn=(548) double_shift_poly
0 12000
cob=(3)
cfi=(111)
cfn=(554)
calls=800 55 
0 58400
cob=(1)
cfi=(60)
cfn=(250)
calls=1 34 
0 798
0 804
0 6400

fn=(242)
0 11
cob=(3)
cfi=(62)
cfn=(256)
calls=1 133 
0 16273009
cob=(1)
cfi=(60)
cfn=(250)
calls=1 34 
0 932
0 5

fn=(432)
0 18
cob=(3)
cfi=(76)
cfn=(354)
calls=1 2876 
0 177
0 1
0 14
cob=(3)
cfi=(85)
cfn=(386)
calls=1 53 
0 191
0 1
0 15565
cfn=(434)
calls=193 0 
0 9063
0 1662
cfn=(434)
calls=277 0 
0 13075
0 3135677
cfn=(434)
calls=1 0 
0 42
0 7276
cfn=(418)
calls=1 0 
0 8043
0 2
cob=(3)
cfi=(76)
cfn=(424)
calls=1 2917 
0 107
0 1
0 11

fn=(450)
0 216
cfn=(452)
calls=18 0 
0 414
0 54
cfn=(452)
calls=18 0 
0 414
0 54
cfn=(452)
calls=18 0 
0 414
0 54
cfn=(452)
calls=18 0 
0 414
0 54
cfn=(452)
calls=18 0 
0 414
0 54
cfn=(452)
calls=18 0 
0 414
0 54
cfn=(452)
calls=18 0 
0 414
0 54
cfn=(452)
calls=18 0 
0 414
0 180
cfn=(452)
calls=14 0 
0 322
0 24
cfn=(452)
calls=8 0 
0 184
0 66
cfn=(452)
calls=22 0 
0 506
0 66
cfn=(452)
calls=22 0 
0 506
0 66
cfn=(452)
calls=22 0 
0 506
0 66
cfn=(452)
calls=22 0 
0 506
0 66
cfn=(452)
calls=22 0 
0 506
0 66
cfn=(452)
calls=22 0 
0 506
0 66
cfn=(452)
calls=22 0 
0 506
0 66
cfn=(452)
calls=22 0 
0 506
0 66
cfn=(452)
calls=22 0 
0 506
0 66
cfn=(452)
calls=22 0 
0 506
0 66
cfn=(452)
calls=22 0 
0 506
0 66
cfn=(452)
calls=22 0 
0 506
0 66
cfn=(452)
calls=22 0 
0 506
0 66
cfn=(452)
calls=22 0 
0 506
0 66
cfn=(452)
calls=22 0 
0 506
0 78420

fn=(544)
0 46
cob=(3)
cfi=(76)
cfn=(354)
calls=2 2876 
0 356
0 2
0 14
cob=(3)
cfi=(85)
cfn=(386)
calls=2 53 
0 214
0 2
0 22
cfn=(546)
calls=2 0 
0 14823
0 4788
cfn=(548)
calls=400 0 
0 39602
0 1200
cfn=(548)
calls=400 0 
0 38800
0 186582
cob=(3)
cfi=(85)
cfn=(386)
calls=2 53 
0 732
0 2
0 18473
cob=(3)
cfi=(76)
cfn=(424)
calls=2 2917 
0 214
0 2
0 2786

fn=(588)
0 8

totals: 16373141
